0.10600000000000001 61.08
0.11800000000000002 63.47
0.11900000000000002 55.67
0.12700000000000003 60.08
0.12900000000000003 52.75
0.13100000000000003 188.94
0.13200000000000003 187.26
0.13400000000000004 51.35
0.13600000000000004 50.53
0.13800000000000004 49.72
0.14000000000000004 49.19
0.15600000000000006 153.27
0.15700000000000006 44.92
0.15900000000000006 149.74
0.16200000000000006 57.20
0.17100000000000007 47.64
0.17200000000000007 47.38
0.17300000000000007 41.03
0.17400000000000007 40.81
0.17700000000000007 45.89
0.18000000000000008 51.90
0.18100000000000008 51.62
0.18500000000000008 38.49
0.1930000000000001 42.36
0.1940000000000001 42.14
0.1950000000000001 115.59
0.1960000000000001 114.82
0.1980000000000001 47.13
0.1990000000000001 46.88
0.2000000000000001 46.63
0.2020000000000001 40.38
0.2080000000000001 34.04
0.2090000000000001 105.41
0.2100000000000001 33.50
0.2130000000000001 43.28
0.2150000000000001 101.44
0.2160000000000001 42.59
0.2170000000000001 42.36
0.2210000000000001 97.68
0.22500000000000012 0.00
0.22600000000000012 30.58
0.22800000000000012 30.25
0.23200000000000012 91.27
0.23300000000000012 90.72
0.24300000000000013 36.89
0.24400000000000013 36.69
0.24600000000000014 36.30
0.24700000000000014 36.11
0.2540000000000001 80.06
0.2550000000000001 79.60
0.2560000000000001 79.14
0.2570000000000001 78.68
0.2580000000000001 34.23
0.2590000000000001 34.04
0.2600000000000001 77.32
0.2610000000000001 33.68
0.2620000000000001 33.50
0.2630000000000001 76.00
0.2650000000000001 75.13
0.2670000000000001 24.71
0.27200000000000013 24.04
0.27300000000000013 23.91
0.27800000000000014 31.58
0.28400000000000014 26.55
0.29100000000000015 25.69
0.29200000000000015 25.55
0.29300000000000015 64.18
0.29400000000000015 25.27
0.29500000000000015 63.47
0.29600000000000015 63.13
0.29800000000000015 24.58
0.30100000000000016 61.41
0.30400000000000016 23.64
0.30500000000000016 23.51
0.30600000000000016 19.96
0.30800000000000016 0.00
0.31500000000000017 56.89
0.31600000000000017 56.58
0.31700000000000017 21.98
0.3190000000000002 55.67
0.3230000000000002 24.99
0.3240000000000002 24.85
0.3270000000000002 24.44
0.3280000000000002 24.31
0.3320000000000002 51.90
0.3330000000000002 23.64
0.3340000000000002 51.35
0.3350000000000002 51.07
0.3360000000000002 50.80
0.3370000000000002 50.53
0.3390000000000002 49.99
0.3430000000000002 48.93
0.3440000000000002 48.67
0.3450000000000002 48.41
0.3460000000000002 21.98
0.3470000000000002 47.89
0.3490000000000002 21.49
0.3500000000000002 47.13
0.3510000000000002 46.88
0.3520000000000002 46.63
0.3530000000000002 20.89
0.3550000000000002 45.89
0.3580000000000002 45.16
0.3600000000000002 44.68
0.3610000000000002 44.44
0.3620000000000002 19.85
0.3630000000000002 43.97
0.3650000000000002 19.51
0.3660000000000002 19.40
0.3700000000000002 42.36
0.3710000000000002 42.14
0.3730000000000002 41.69
0.3740000000000002 41.47
0.3770000000000002 18.31
0.3780000000000002 18.20
0.38200000000000023 15.42
0.38300000000000023 15.32
0.38600000000000023 38.90
0.38800000000000023 38.49
0.39000000000000024 12.17
0.39100000000000024 12.09
0.39500000000000024 0.00
0.39800000000000024 36.49
0.40700000000000025 34.78
0.40900000000000025 34.41
0.41100000000000025 34.04
0.41300000000000026 33.68
0.41400000000000026 33.50
0.41500000000000026 33.32
0.41600000000000026 33.14
0.42000000000000026 9.78
0.42100000000000026 9.71
0.42400000000000027 31.75
0.42500000000000027 31.58
0.4330000000000003 30.25
0.4370000000000003 29.60
0.4540000000000003 11.86
0.4550000000000003 11.79
0.4600000000000003 11.33
0.4620000000000003 25.83
0.4630000000000003 25.69
0.4660000000000003 25.27
0.4680000000000003 24.99
0.4730000000000003 0.00
0.4790000000000003 23.51
0.4810000000000003 23.25
0.4880000000000003 22.36
0.4910000000000003 9.06
0.4920000000000003 7.96
0.49500000000000033 21.49
0.49600000000000033 21.37
0.49700000000000033 8.62
0.49900000000000033 21.01
0.5000000000000003 8.50
0.5010000000000003 7.50
0.5030000000000003 7.39
0.5170000000000003 18.95
0.5200000000000004 4.58
0.5240000000000004 18.20
0.5260000000000004 6.89
0.5290000000000004 5.92
0.5300000000000004 6.63
0.5310000000000004 6.58
0.5330000000000004 6.47
0.5360000000000004 16.96
0.5380000000000004 6.22
0.5390000000000004 5.39
0.5400000000000004 5.34
0.5450000000000004 0.00
0.5460000000000004 5.07
0.5500000000000004 4.93
0.5510000000000004 15.51
0.5520000000000004 15.42
0.5530000000000004 5.48
0.5540000000000004 5.44
0.5550000000000004 5.39
0.5610000000000004 0.00
0.5700000000000004 13.81
0.5750000000000004 13.38
0.5760000000000004 13.30
0.5770000000000004 2.53
0.5800000000000004 2.44
0.5830000000000004 12.73
0.5840000000000004 2.30
0.5920000000000004 3.96
0.5940000000000004 3.05
0.5960000000000004 2.98
0.5970000000000004 2.95
0.5980000000000004 3.69
0.6010000000000004 3.57
0.6050000000000004 0.00
0.6100000000000004 1.57
0.6120000000000004 10.54
0.6130000000000004 10.47
0.6150000000000004 3.05
0.6200000000000004 2.24
0.6290000000000004 2.60
0.6300000000000004 2.57
0.6360000000000005 8.93
0.6410000000000005 2.24
0.6470000000000005 8.26
0.6490000000000005 8.14
0.6500000000000005 8.08
0.6550000000000005 1.18
0.6590000000000005 7.56
0.6630000000000005 7.33
0.6660000000000005 7.16
0.6700000000000005 0.00
0.6710000000000005 0.09
0.6740000000000005 0.00
0.6760000000000005 0.72
0.6780000000000005 0.67
0.6800000000000005 0.60
0.6810000000000005 0.57
0.6830000000000005 0.52
0.6850000000000005 0.48
0.6860000000000005 0.00
0.6900000000000005 5.92
0.6920000000000005 5.82
0.6940000000000005 -0.36
0.7000000000000005 0.00
0.7010000000000005 0.55
0.7020000000000005 5.34
0.7110000000000005 4.93
0.7130000000000005 0.23
0.7190000000000005 0.07
0.7230000000000005 -0.95
0.7250000000000005 -0.40
0.7260000000000005 -0.10
0.7290000000000005 4.16
0.7300000000000005 4.12
0.7310000000000005 -0.20
0.7340000000000005 -1.15
0.7360000000000005 -0.59
0.7390000000000005 -0.38
0.7400000000000005 -0.40
0.7430000000000005 -0.46
0.7450000000000006 3.53
0.7470000000000006 -1.37
0.7490000000000006 -0.85
0.7520000000000006 -0.62
0.7530000000000006 -0.66
0.7550000000000006 -1.50
0.7570000000000006 -1.53
0.7700000000000006 2.64
0.7720000000000006 2.57
0.7740000000000006 2.50
0.7760000000000006 2.44
0.7800000000000006 -1.85
0.7820000000000006 -1.87
0.7880000000000006 -1.94
0.7890000000000006 2.02
0.7910000000000006 -1.57
0.7930000000000006 1.90
0.8000000000000006 -1.69
0.8010000000000006 -1.71
0.8040000000000006 -1.74
0.8070000000000006 -2.16
0.8080000000000006 -2.17
0.8090000000000006 1.43
0.8130000000000006 -1.61
0.8190000000000006 -1.70
0.8220000000000006 1.08
0.8260000000000006 0.97
0.8270000000000006 -1.80
0.8280000000000006 0.92
0.8320000000000006 -2.43
0.8370000000000006 -2.12
0.8380000000000006 0.67
0.8420000000000006 0.57
0.8460000000000006 0.48
0.8540000000000006 0.29
0.8570000000000007 0.23
0.8610000000000007 0.14
0.8640000000000007 -2.23
0.8730000000000007 -2.76
0.8740000000000007 -0.14
0.8750000000000007 -0.16
0.8760000000000007 -2.78
0.8780000000000007 -2.50
0.8790000000000007 -2.51
0.8800000000000007 -2.52
0.8810000000000007 -2.53
0.8820000000000007 -2.54
0.8830000000000007 -2.84
0.8840000000000007 -2.84
0.8850000000000007 -0.36
0.8900000000000007 -2.89
0.8920000000000007 -0.49
0.8930000000000007 -2.64
0.8940000000000007 -0.53
0.8950000000000007 -2.92
0.9000000000000007 -2.54
0.9010000000000007 -2.55
0.9020000000000007 -2.55
0.9030000000000007 -2.71
0.9140000000000007 0.00
0.9150000000000007 -2.66
0.9180000000000007 -2.69
0.9200000000000007 -2.70
0.9210000000000007 -2.71
0.9220000000000007 -2.72
0.9230000000000007 -2.72
0.9280000000000007 -2.77
0.9340000000000007 -2.91
0.9350000000000007 -2.81
0.9360000000000007 -2.82
0.9380000000000007 -2.84
0.9390000000000007 -1.28
0.9400000000000007 -2.85
0.9410000000000007 -2.86
0.9420000000000007 -2.95
0.9450000000000007 -1.37
0.9460000000000007 -1.39
0.9470000000000007 -1.40
0.9540000000000007 -1.50
0.9550000000000007 -1.51
0.9600000000000007 -2.97
0.9610000000000007 -1.60
0.9620000000000007 0.00
0.9670000000000007 -1.67
0.9680000000000007 -1.69
0.9690000000000007 -3.26
0.9720000000000008 -1.74
0.9740000000000008 -1.76
0.9750000000000008 -3.29
0.9770000000000008 -3.13
0.9800000000000008 -3.07
0.9880000000000008 -3.34
0.9970000000000008 0.00
1.002000000000001 -3.25
1.0070000000000008 -3.40
1.0090000000000008 -3.28
1.0110000000000008 -2.18
1.018000000000001 -3.42
1.0190000000000008 -3.24
1.020000000000001 -3.43
1.0210000000000008 -3.25
1.022000000000001 -3.26
1.024000000000001 -3.44
1.026000000000001 -3.44
1.0270000000000008 -3.28
1.0310000000000008 -3.30
1.032000000000001 -3.30
1.0330000000000008 -3.31
1.034000000000001 -3.31
1.036000000000001 -3.37
1.0410000000000008 -2.47
1.046000000000001 -2.51
1.0470000000000008 -2.52
1.048000000000001 -2.53
1.0490000000000008 -2.54
1.050000000000001 -2.55
1.0510000000000008 -2.55
1.052000000000001 -2.56
1.0530000000000008 -2.57
1.054000000000001 -2.58
1.056000000000001 -2.59
1.0570000000000008 -2.60
1.058000000000001 -2.61
1.0850000000000009 -2.81
1.0870000000000009 -2.82
1.0890000000000009 -2.84
1.0910000000000009 -2.85
1.0930000000000009 -2.86
1.096000000000001 -2.88
1.0970000000000009 -3.51
1.0990000000000009 -3.51
1.103000000000001 -3.56
1.104000000000001 -3.56
1.1050000000000009 -3.56
1.107000000000001 -2.95
1.108000000000001 -2.95
1.1090000000000009 -2.96
1.111000000000001 -2.97
1.115000000000001 -2.99
1.116000000000001 -3.00
1.1170000000000009 0.00
1.118000000000001 -3.01
1.119000000000001 -3.02
1.120000000000001 -3.02
1.1210000000000009 -3.03
1.123000000000001 -3.04
1.124000000000001 -3.04
1.126000000000001 -3.05
1.137000000000001 -3.11
1.138000000000001 -3.11
1.140000000000001 -3.12
1.1430000000000011 -3.14
1.144000000000001 -3.14
1.148000000000001 -3.16
1.150000000000001 -3.17
1.153000000000001 -3.18
1.154000000000001 -3.19
1.1550000000000011 -3.57
1.157000000000001 -3.20
1.162000000000001 -3.57
1.164000000000001 -3.23
1.1670000000000011 -3.56
1.168000000000001 -3.24
1.169000000000001 -3.25
1.176000000000001 -3.57
1.177000000000001 -3.28
1.178000000000001 -3.28
1.1790000000000012 -3.29
1.181000000000001 -3.29
1.182000000000001 -3.30
1.188000000000001 -3.57
1.1910000000000012 -3.57
1.192000000000001 -3.33
1.193000000000001 -3.57
1.194000000000001 -3.34
1.1950000000000012 -3.34
1.1990000000000012 -3.35
1.201000000000001 -3.57
1.202000000000001 -3.57
1.205000000000001 -3.57
1.206000000000001 -3.57
1.2070000000000012 -3.57
1.208000000000001 -3.38
1.212000000000001 -3.39
1.216000000000001 -3.40
1.217000000000001 -3.57
1.220000000000001 -3.41
1.221000000000001 -3.57
1.222000000000001 -3.57
1.2230000000000012 -3.57
1.224000000000001 -3.57
1.225000000000001 -3.57
1.230000000000001 -3.43
1.2310000000000012 -3.56
1.232000000000001 -3.56
1.233000000000001 -3.56
1.234000000000001 -3.56
1.236000000000001 -3.45
1.2390000000000012 -3.56
1.2430000000000012 -3.56
1.246000000000001 -3.47
1.249000000000001 -3.47
1.253000000000001 -3.48
1.2590000000000012 -3.49
1.2640000000000011 -3.55
1.265000000000001 -3.55
1.2670000000000012 -3.51
1.2710000000000012 -3.54
1.2740000000000011 -3.48
1.277000000000001 0.00
1.2790000000000012 -3.47
1.2800000000000011 -3.47
1.281000000000001 -3.47
1.2820000000000011 -3.47
1.2830000000000013 -3.47
1.2860000000000011 -3.53
1.2870000000000013 -3.53
1.2880000000000011 -3.53
1.2900000000000011 -3.53
1.2910000000000013 -3.54
1.2920000000000011 -3.54
1.293000000000001 0.00
1.2940000000000011 -3.54
1.2950000000000013 -3.54
1.297000000000001 -3.54
1.3000000000000012 -3.54
1.301000000000001 -3.55
1.3020000000000012 -3.55
1.3030000000000013 -3.50
1.305000000000001 -3.55
1.3070000000000013 -3.51
1.3080000000000012 -3.51
1.309000000000001 -3.55
1.3110000000000013 -3.55
1.3120000000000012 -3.49
1.313000000000001 -3.50
1.3140000000000012 -3.56
1.3150000000000013 190.56
1.3160000000000012 0.00
1.3180000000000012 -3.48
1.3190000000000013 -3.49
1.3200000000000012 -3.49
1.3220000000000012 -3.56
1.3240000000000012 -3.56
1.3260000000000012 246.33
1.3280000000000012 -3.56
1.329000000000001 -3.56
1.3300000000000012 -3.57
1.3310000000000013 -3.57
1.3340000000000012 -3.57
1.3350000000000013 -3.57
1.337000000000001 -3.57
1.3380000000000012 -3.57
1.3400000000000012 -3.57
1.3420000000000012 -3.58
1.3440000000000012 -3.57
1.345000000000001 -3.57
1.3460000000000012 -3.57
1.3470000000000013 -3.57
1.3480000000000012 -3.57
1.3510000000000013 -3.57
1.353000000000001 -3.57
1.3540000000000012 -3.57
1.3580000000000012 -3.57
1.3600000000000012 -3.57
1.361000000000001 133.76
1.365000000000001 129.96
1.3680000000000012 -3.57
1.3710000000000013 -3.57
1.3760000000000012 -3.57
1.3770000000000011 161.99
1.3800000000000012 -3.57
1.3810000000000011 -3.57
1.3830000000000013 -3.57
1.3850000000000011 -3.57
1.3860000000000012 -3.57
1.3890000000000011 -3.57
1.3900000000000012 147.45
1.3920000000000012 -3.57
1.3930000000000011 156.86
1.3950000000000014 154.40
1.3970000000000011 152.08
1.3990000000000014 -3.56
1.4000000000000012 -3.56
1.4010000000000011 -3.56
1.4020000000000012 -3.56
1.4050000000000011 -3.56
1.4060000000000012 -3.56
1.4070000000000014 -3.56
1.4090000000000011 -3.56
1.4110000000000014 -3.56
1.4130000000000011 -3.56
1.4140000000000013 -3.55
1.4160000000000013 -3.55
1.4190000000000014 131.92
1.4210000000000012 129.96
1.4220000000000013 129.04
1.4260000000000013 -3.55
1.4270000000000014 -3.55
1.4300000000000013 -3.54
1.4310000000000014 111.73
1.4320000000000013 110.99
1.4350000000000014 108.82
1.4360000000000013 108.11
1.4370000000000012 107.41
1.4390000000000014 106.10
1.4400000000000013 -3.53
1.4410000000000012 -3.53
1.4420000000000013 -3.53
1.4430000000000014 -3.53
1.4440000000000013 -3.53
1.4450000000000012 0.00
1.4480000000000013 -3.53
1.4500000000000013 -3.53
1.4510000000000014 79.53
1.4530000000000012 106.03
1.4560000000000013 -3.52
1.4570000000000012 104.07
1.4580000000000013 -3.52
1.4590000000000014 -3.52
1.4620000000000013 94.11
1.4650000000000012 -3.51
1.4660000000000013 -3.51
1.4670000000000014 -3.51
1.4680000000000013 -3.51
1.4690000000000012 -3.51
1.4710000000000014 89.63
1.4720000000000013 89.02
1.4730000000000012 88.48
1.4760000000000013 -3.50
1.4770000000000012 86.90
1.4820000000000013 84.35
1.4840000000000013 -3.49
1.4850000000000012 -3.49
1.4910000000000014 -3.48
1.4930000000000012 -3.48
1.4940000000000013 79.53
1.4960000000000013 -3.47
1.4970000000000012 78.16
1.4990000000000014 0.00
