0.1 182.42
0.101 180.83
0.10500000000000001 243.84
0.10700000000000001 0.00
0.10800000000000001 194.20
0.11100000000000002 228.92
0.11200000000000002 158.26
0.11300000000000002 185.66
0.11400000000000002 163.46
0.11500000000000002 219.84
0.11600000000000002 180.83
0.11700000000000002 179.27
0.12200000000000003 147.50
0.12300000000000003 152.14
0.12500000000000003 149.79
0.12600000000000003 148.64
0.12800000000000003 146.38
0.13200000000000003 136.85
0.13400000000000004 184.03
0.13800000000000004 135.85
0.13900000000000004 134.87
0.14000000000000004 174.72
0.14200000000000004 131.97
0.14800000000000005 122.12
0.15200000000000005 0.00
0.15300000000000005 0.00
0.15400000000000005 134.87
0.16800000000000007 121.28
0.16900000000000007 138.88
0.17300000000000007 117.21
0.17400000000000007 116.42
0.17700000000000007 101.49
0.18000000000000008 98.95
0.18100000000000008 110.38
0.18200000000000008 99.58
0.18300000000000008 96.51
0.18400000000000008 98.34
0.18600000000000008 0.00
0.1930000000000001 0.00
0.1950000000000001 115.64
0.1960000000000001 91.87
0.2000000000000001 111.85
0.2010000000000001 88.58
0.2020000000000001 87.00
0.2040000000000001 95.91
0.2050000000000001 95.32
0.2110000000000001 0.00
0.2200000000000001 0.00
0.2210000000000001 85.97
0.22200000000000011 85.45
0.22300000000000011 84.95
0.22400000000000012 84.44
0.22600000000000012 75.58
0.22700000000000012 74.72
0.22800000000000012 74.29
0.23200000000000012 0.00
0.23400000000000012 90.21
0.23700000000000013 88.58
0.23800000000000013 0.00
0.23900000000000013 87.52
0.24000000000000013 87.00
0.24500000000000013 66.73
0.24800000000000014 65.99
0.24900000000000014 65.62
0.2500000000000001 65.26
0.2510000000000001 72.61
0.2520000000000001 81.03
0.2540000000000001 63.47
0.2590000000000001 69.01
0.2630000000000001 67.48
0.27200000000000013 64.18
0.27500000000000013 56.57
0.27600000000000013 56.27
0.27700000000000014 55.96
0.27800000000000014 55.66
0.27900000000000014 61.41
0.28000000000000014 55.06
0.28100000000000014 68.62
0.28200000000000014 68.24
0.28300000000000014 54.17
0.28400000000000014 67.48
0.28500000000000014 67.10
0.28600000000000014 53.30
0.29200000000000015 64.54
0.29600000000000015 50.50
0.30300000000000016 0.00
0.30400000000000016 53.30
0.30500000000000016 48.12
0.30900000000000016 51.88
0.31000000000000016 46.35
0.31100000000000017 0.00
0.31200000000000017 45.86
0.31300000000000017 0.00
0.31400000000000017 50.50
0.31500000000000017 50.23
0.31600000000000017 45.13
0.3230000000000002 54.46
0.3310000000000002 0.00
0.3320000000000002 0.00
0.3370000000000002 39.92
0.3400000000000002 49.70
0.3490000000000002 47.35
0.3500000000000002 0.00
0.3510000000000002 46.85
0.3590000000000002 35.11
0.3600000000000002 34.93
0.3610000000000002 34.74
0.3620000000000002 34.55
0.3650000000000002 43.47
0.3720000000000002 41.88
0.3760000000000002 31.88
0.3780000000000002 0.00
0.3810000000000002 31.03
0.38300000000000023 0.00
0.38400000000000023 34.93
0.38700000000000023 38.66
0.39700000000000024 32.40
0.39800000000000024 28.00
0.39900000000000024 32.05
0.40100000000000025 31.54
0.40200000000000025 31.37
0.41000000000000025 26.22
0.41100000000000025 26.08
0.41200000000000025 0.00
0.41300000000000026 26.22
0.42000000000000026 0.00
0.42200000000000026 28.30
0.42500000000000027 24.14
0.43000000000000027 30.70
0.4320000000000003 30.37
0.4340000000000003 30.04
0.4350000000000003 23.09
0.4370000000000003 29.56
0.4390000000000003 29.24
0.4430000000000003 21.71
0.4460000000000003 21.23
0.4470000000000003 0.00
0.4480000000000003 21.23
0.4500000000000003 27.54
0.4620000000000003 0.00
0.4630000000000003 19.38
0.4640000000000003 0.00
0.4710000000000003 21.71
0.4720000000000003 21.59
0.4740000000000003 18.40
0.4750000000000003 21.23
0.4780000000000003 23.61
0.4850000000000003 20.06
0.49600000000000033 0.00
0.49800000000000033 18.61
0.5000000000000003 18.51
0.5050000000000003 0.00
0.5080000000000003 17.67
0.5090000000000003 19.83
0.5150000000000003 14.08
0.5160000000000003 19.05
0.5170000000000003 14.08
0.5180000000000003 13.99
0.5190000000000003 13.65
0.5210000000000004 18.51
0.5250000000000004 18.08
0.5260000000000004 12.99
0.5310000000000004 12.59
0.5340000000000004 12.51
0.5370000000000004 12.20
0.5390000000000004 11.89
0.5400000000000004 0.00
0.5500000000000004 10.93
0.5540000000000004 15.24
0.5590000000000004 0.00
0.5610000000000004 14.60
0.5660000000000004 11.97
0.5670000000000004 9.56
0.5680000000000004 9.96
0.5690000000000004 13.91
0.5700000000000004 9.37
0.5780000000000004 11.00
0.5820000000000004 12.83
0.5900000000000004 8.55
0.5910000000000004 8.49
0.5990000000000004 7.96
0.6000000000000004 7.90
0.6040000000000004 7.67
0.6160000000000004 7.01
0.6240000000000004 6.49
0.6270000000000004 0.00
0.6280000000000004 6.09
0.6320000000000005 6.14
0.6330000000000005 0.00
0.6340000000000005 7.45
0.6400000000000005 8.74
0.6410000000000005 0.00
0.6450000000000005 5.29
0.6460000000000005 5.24
0.6500000000000005 0.00
0.6570000000000005 6.24
0.6580000000000005 6.19
0.6590000000000005 6.14
0.6600000000000005 6.09
0.6610000000000005 4.59
0.6620000000000005 4.54
0.6630000000000005 4.71
0.6640000000000005 4.67
0.6670000000000005 0.00
0.6760000000000005 5.24
0.6860000000000005 3.52
0.6870000000000005 3.48
0.6960000000000005 0.00
0.7000000000000005 4.17
0.7010000000000005 5.47
0.7110000000000005 3.70
0.7140000000000005 3.59
0.7150000000000005 3.55
0.7160000000000005 3.52
0.7220000000000005 3.30
0.7260000000000005 3.15
0.7270000000000005 0.00
0.7280000000000005 0.00
0.7340000000000005 4.05
0.7350000000000005 4.01
0.7360000000000005 1.74
0.7370000000000005 3.94
0.7390000000000005 0.00
0.7400000000000005 1.71
0.7420000000000005 3.74
0.7450000000000006 1.57
0.7530000000000006 1.24
0.7540000000000006 1.22
0.7560000000000006 2.13
0.7600000000000006 3.08
0.7610000000000006 3.05
0.7630000000000006 1.11
0.7640000000000006 0.99
0.7650000000000006 0.96
0.7660000000000006 0.93
0.7670000000000006 0.99
0.7680000000000006 0.88
0.7690000000000006 0.84
0.7700000000000006 0.81
0.7710000000000006 0.79
0.7720000000000006 2.67
0.7730000000000006 1.60
0.7740000000000006 1.57
0.7750000000000006 1.54
0.7760000000000006 0.67
0.7770000000000006 0.00
0.7780000000000006 0.62
0.7790000000000006 1.43
0.7850000000000006 2.25
0.7880000000000006 2.16
0.7940000000000006 0.32
0.8010000000000006 0.00
0.8140000000000006 -0.16
0.8160000000000006 -0.16
0.8170000000000006 -0.22
0.8180000000000006 -0.22
0.8200000000000006 -0.26
0.8210000000000006 -0.28
0.8220000000000006 -0.30
0.8240000000000006 1.14
0.8280000000000006 -0.43
0.8390000000000006 0.76
0.8400000000000006 -0.66
0.8550000000000006 0.00
0.8560000000000006 -0.43
0.8580000000000007 -0.96
0.8620000000000007 0.23
0.8630000000000007 -1.04
0.8640000000000007 0.19
0.8780000000000007 -1.29
0.8800000000000007 -1.32
0.8830000000000007 -1.36
0.8860000000000007 -1.42
0.8870000000000007 -1.42
0.8930000000000007 -1.10
0.8970000000000007 -0.46
0.9060000000000007 -0.63
0.9080000000000007 -1.71
0.9160000000000007 -0.80
0.9180000000000007 -1.83
0.9210000000000007 -1.85
0.9220000000000007 -1.54
0.9230000000000007 -1.55
0.9240000000000007 -1.89
0.9250000000000007 -0.94
0.9290000000000007 -1.95
0.9340000000000007 -1.08
0.9380000000000007 -2.05
0.9430000000000007 -1.81
0.9440000000000007 -1.82
0.9450000000000007 -2.13
0.9460000000000007 -2.14
0.9480000000000007 0.00
0.9490000000000007 -2.16
0.9530000000000007 -1.92
0.9540000000000007 -1.93
0.9570000000000007 -2.22
0.9580000000000007 -2.23
0.9630000000000007 -2.29
0.9650000000000007 -1.52
0.9660000000000007 -2.31
0.9670000000000007 -2.06
0.9710000000000008 -1.60
0.9790000000000008 -2.17
0.9870000000000008 -1.79
0.9880000000000008 -1.81
0.9890000000000008 -1.82
0.9900000000000008 -1.83
0.9940000000000008 -1.87
0.9970000000000008 0.00
0.9980000000000008 -1.92
1.006000000000001 -2.60
1.008000000000001 -2.62
1.010000000000001 -2.63
1.0110000000000008 -2.65
1.0150000000000008 0.00
1.0170000000000008 -2.12
1.0250000000000008 -2.20
1.030000000000001 -2.60
1.0310000000000008 -2.60
1.032000000000001 -2.62
1.034000000000001 -2.78
1.0350000000000008 -2.78
1.040000000000001 0.00
1.0410000000000008 -2.67
1.042000000000001 -2.83
1.0430000000000008 -2.83
1.044000000000001 -2.69
1.046000000000001 -2.71
1.0510000000000008 -2.43
1.058000000000001 -2.48
1.062000000000001 -2.51
1.0630000000000008 -2.95
1.064000000000001 -2.96
1.0650000000000008 -2.95
1.066000000000001 -2.96
1.0670000000000008 -2.96
1.068000000000001 -2.84
1.0690000000000008 -2.85
1.0710000000000008 -2.58
1.074000000000001 0.00
1.0750000000000008 0.00
1.076000000000001 -2.88
1.0790000000000008 -3.02
1.082000000000001 -2.92
1.0890000000000009 0.00
1.090000000000001 -3.07
1.096000000000001 0.00
1.100000000000001 -3.01
1.104000000000001 -2.80
1.111000000000001 0.00
1.112000000000001 -3.16
1.119000000000001 -3.19
1.120000000000001 -3.19
1.128000000000001 -2.94
1.1310000000000011 -3.22
1.132000000000001 -2.96
1.138000000000001 -2.99
1.1390000000000011 -3.16
1.140000000000001 -3.25
1.141000000000001 0.00
1.142000000000001 -3.18
1.148000000000001 -3.27
1.158000000000001 0.00
1.162000000000001 0.00
1.168000000000001 0.00
1.174000000000001 -3.27
1.176000000000001 -3.15
1.181000000000001 -3.35
1.196000000000001 0.00
1.197000000000001 -3.33
1.1990000000000012 -3.38
1.200000000000001 0.00
1.202000000000001 0.00
1.204000000000001 0.00
1.205000000000001 -3.39
1.206000000000001 -3.25
1.209000000000001 -3.26
1.210000000000001 -3.26
1.2110000000000012 -3.26
1.212000000000001 -3.36
1.214000000000001 -3.40
1.2150000000000012 -3.41
1.216000000000001 -3.40
1.217000000000001 -3.41
1.218000000000001 -3.41
1.2190000000000012 -3.37
1.220000000000001 -3.41
1.221000000000001 0.00
1.222000000000001 -3.29
1.2230000000000012 -3.29
1.224000000000001 -3.30
1.226000000000001 -3.30
1.2270000000000012 -3.30
1.228000000000001 -3.31
1.229000000000001 -3.42
1.237000000000001 0.00
1.238000000000001 -3.43
1.242000000000001 -3.41
1.244000000000001 -3.41
1.245000000000001 -3.34
1.246000000000001 -3.35
1.248000000000001 -3.44
1.249000000000001 -3.44
1.250000000000001 -3.42
1.2510000000000012 0.00
1.253000000000001 -3.42
1.2540000000000011 -3.42
1.2550000000000012 -3.42
1.2560000000000011 -3.44
1.257000000000001 -3.45
1.2590000000000012 -3.43
1.2600000000000011 -3.43
1.2620000000000011 -3.43
1.2630000000000012 -3.45
1.2660000000000011 -3.38
1.2670000000000012 0.00
1.277000000000001 0.00
1.2830000000000013 -3.45
1.2910000000000013 -3.42
1.2990000000000013 -3.45
1.3000000000000012 -3.46
1.3020000000000012 -3.46
1.3030000000000013 -3.46
1.3040000000000012 -3.46
1.305000000000001 -3.43
1.3070000000000013 -3.45
1.3080000000000012 -3.45
1.309000000000001 -3.43
1.3100000000000012 -3.46
1.3120000000000012 -3.44
1.329000000000001 -3.45
1.337000000000001 -3.45
1.341000000000001 -3.45
1.3420000000000012 -3.45
1.3430000000000013 -3.44
1.3440000000000012 -3.44
1.345000000000001 -3.45
1.3460000000000012 -3.44
1.3500000000000012 -3.45
1.3520000000000012 -3.44
1.353000000000001 -3.44
1.3540000000000012 -3.44
1.3560000000000012 -3.45
1.357000000000001 -3.45
1.3580000000000012 -3.43
1.3590000000000013 -3.45
1.3620000000000012 -3.43
1.365000000000001 -3.42
1.3670000000000013 -3.42
1.369000000000001 -3.42
1.3700000000000012 -3.42
1.3710000000000013 -3.44
1.3720000000000012 -3.46
1.373000000000001 -3.46
1.3760000000000012 -3.43
1.3770000000000011 -3.46
1.3780000000000012 -3.43
1.3800000000000012 -3.43
1.3820000000000012 -3.40
1.3840000000000012 -3.43
1.3850000000000011 -3.43
1.3860000000000012 -3.45
1.3870000000000013 -3.45
1.3910000000000013 -3.45
1.3940000000000012 -3.45
1.3950000000000014 -3.42
1.3990000000000014 -3.39
1.4040000000000012 -3.38
1.4080000000000013 -3.44
1.4100000000000013 -3.38
1.4120000000000013 -3.37
1.4160000000000013 -3.37
1.4170000000000011 -3.37
1.4190000000000014 -3.37
1.4210000000000012 -3.36
1.4220000000000013 -3.39
1.4250000000000012 -3.40
1.4260000000000013 249.19
1.4270000000000014 251.86
1.4280000000000013 243.75
1.4300000000000013 -3.44
1.4320000000000013 233.63
1.4340000000000013 -3.43
1.4350000000000014 -3.38
1.4360000000000013 -3.43
1.4370000000000012 -3.43
1.4420000000000013 217.58
1.4440000000000013 213.43
1.4450000000000012 -3.36
1.4470000000000014 -3.42
1.4480000000000013 -3.42
1.4490000000000012 -3.42
1.4500000000000013 -3.41
1.4510000000000014 -3.41
1.4540000000000013 -3.41
1.4550000000000014 -3.42
1.4560000000000013 243.75
1.4610000000000012 185.58
1.4620000000000013 183.95
1.4630000000000014 182.34
1.4670000000000014 -3.41
1.4680000000000013 174.72
1.4690000000000012 211.28
1.4700000000000013 -3.39
1.4730000000000012 -3.39
1.4740000000000013 -3.39
1.4830000000000014 187.23
1.4850000000000012 -3.38
1.4860000000000013 0.00
1.4870000000000014 150.96
1.4880000000000013 -3.37
1.4920000000000013 171.70
1.4940000000000013 168.85
