0.101 76.37
0.10300000000000001 61.34
0.10400000000000001 79.07
0.10500000000000001 78.61
0.10600000000000001 78.16
0.10900000000000001 59.03
0.11000000000000001 58.70
0.11100000000000002 75.93
0.11200000000000002 58.07
0.11400000000000002 221.90
0.11500000000000002 57.12
0.11600000000000002 56.81
0.11800000000000002 55.89
0.11900000000000002 68.93
0.12100000000000002 207.18
0.12300000000000003 67.03
0.12400000000000003 66.65
0.12500000000000003 53.23
0.12700000000000003 195.84
0.13000000000000003 190.56
0.13900000000000004 176.07
0.14000000000000004 49.10
0.14100000000000004 48.84
0.14300000000000004 60.33
0.14400000000000004 168.79
0.14500000000000005 167.39
0.14700000000000005 0.00
0.14800000000000005 163.31
0.14900000000000005 46.79
0.15100000000000005 57.44
0.15200000000000005 158.12
0.15300000000000005 56.81
0.15600000000000006 0.00
0.15800000000000006 150.82
0.16000000000000006 0.00
0.16200000000000006 146.24
0.16300000000000006 145.13
0.16500000000000006 55.89
0.16700000000000007 55.29
0.16800000000000007 139.78
0.16900000000000007 54.69
0.17200000000000007 135.72
0.17300000000000007 134.73
0.17400000000000007 133.76
0.17600000000000007 131.84
0.17800000000000007 129.96
0.1940000000000001 116.30
0.1960000000000001 47.04
0.1970000000000001 46.79
0.2120000000000001 103.33
0.2130000000000001 102.67
0.2180000000000001 99.47
0.2190000000000001 31.81
0.2200000000000001 0.00
0.2210000000000001 31.46
0.22200000000000011 0.00
0.22300000000000011 96.40
0.22400000000000012 30.96
0.22600000000000012 0.00
0.23000000000000012 92.33
0.23100000000000012 36.58
0.23200000000000012 91.21
0.23300000000000012 90.65
0.23400000000000012 36.00
0.23600000000000013 89.02
0.23800000000000013 28.69
0.23900000000000013 28.53
0.2580000000000001 33.21
0.2620000000000001 76.37
0.2630000000000001 75.93
0.2660000000000001 24.31
0.2670000000000001 31.29
0.2680000000000001 31.12
0.26900000000000013 30.96
0.27000000000000013 30.79
0.27200000000000013 72.12
0.27700000000000014 29.64
0.27800000000000014 28.53
0.27900000000000014 22.73
0.28200000000000014 68.16
0.28300000000000014 67.78
0.28400000000000014 22.10
0.29300000000000015 64.11
0.29400000000000015 26.28
0.29600000000000015 63.05
0.29900000000000015 62.02
0.30400000000000016 60.33
0.30500000000000016 60.00
0.30600000000000016 59.68
0.30800000000000016 59.03
0.30900000000000016 58.70
0.31000000000000016 58.38
0.31300000000000017 23.12
0.31700000000000017 56.20
0.31800000000000017 55.89
0.3210000000000002 54.99
0.3240000000000002 21.85
0.3250000000000002 21.73
0.3260000000000002 53.52
0.3270000000000002 21.48
0.3290000000000002 21.24
0.3300000000000002 16.93
0.3310000000000002 16.83
0.3340000000000002 20.64
0.3350000000000002 21.73
0.3370000000000002 16.24
0.3380000000000002 16.14
0.3420000000000002 49.10
0.3480000000000002 15.11
0.3490000000000002 15.01
0.3520000000000002 19.83
0.3540000000000002 46.04
0.3570000000000002 45.31
0.3610000000000002 0.00
0.3680000000000002 42.72
0.3690000000000002 16.93
0.3700000000000002 16.83
0.3710000000000002 16.73
0.3730000000000002 41.59
0.3740000000000002 12.85
0.3760000000000002 12.69
0.38700000000000023 11.82
0.38800000000000023 11.75
0.38900000000000023 15.20
0.39100000000000024 11.52
0.39200000000000024 11.44
0.39300000000000024 11.37
0.39400000000000024 37.17
0.39600000000000024 14.47
0.39700000000000024 14.38
0.39900000000000024 36.19
0.40000000000000024 14.03
0.40500000000000025 35.04
0.40700000000000025 34.67
0.41000000000000025 34.11
0.41100000000000025 33.93
0.41200000000000025 33.75
0.41300000000000026 33.57
0.41500000000000026 33.21
0.41700000000000026 9.61
0.41800000000000026 13.26
0.42000000000000026 32.32
0.42200000000000026 12.21
0.42300000000000026 12.13
0.42400000000000027 12.77
0.42500000000000027 12.69
0.42600000000000027 12.61
0.42800000000000027 8.96
0.42900000000000027 11.67
0.43100000000000027 8.77
0.4380000000000003 29.32
0.4390000000000003 8.28
0.4410000000000003 8.22
0.4430000000000003 10.71
0.4440000000000003 28.37
0.4490000000000003 0.00
0.4500000000000003 7.64
0.4510000000000003 7.58
0.4520000000000003 27.16
0.4540000000000003 7.41
0.4560000000000003 10.36
0.4610000000000003 0.00
0.4620000000000003 25.70
0.4630000000000003 6.92
0.4740000000000003 24.04
0.4750000000000003 9.09
0.4770000000000003 23.64
0.4810000000000003 8.28
0.4830000000000003 8.59
0.4880000000000003 22.23
0.4890000000000003 22.10
0.4910000000000003 7.81
0.4920000000000003 0.00
0.4930000000000003 21.61
0.49500000000000033 21.36
0.49600000000000033 0.00
0.49700000000000033 21.12
0.49900000000000033 20.88
0.5020000000000003 20.53
0.5030000000000003 20.41
0.5040000000000003 20.29
0.5050000000000003 20.18
0.5080000000000003 19.83
0.5110000000000003 19.49
0.5120000000000003 19.38
0.5170000000000003 6.70
0.5200000000000004 18.50
0.5220000000000004 6.44
0.5230000000000004 0.00
0.5240000000000004 0.00
0.5250000000000004 4.22
0.5260000000000004 5.99
0.5270000000000004 4.14
0.5280000000000004 4.10
0.5290000000000004 4.06
0.5300000000000004 4.02
0.5310000000000004 17.34
0.5320000000000004 17.24
0.5330000000000004 3.90
0.5410000000000004 16.34
0.5420000000000004 5.13
0.5430000000000004 0.00
0.5450000000000004 5.00
0.5480000000000004 3.36
0.5490000000000004 3.32
0.5500000000000004 3.29
0.5510000000000004 3.25
0.5550000000000004 4.56
0.5560000000000004 4.52
0.5580000000000004 3.00
0.5650000000000004 4.18
0.5660000000000004 2.72
0.5680000000000004 2.62
0.5730000000000004 13.43
0.5750000000000004 3.82
0.5790000000000004 3.66
0.5820000000000004 12.69
0.5850000000000004 12.45
0.5870000000000004 12.29
0.5880000000000004 3.32
0.5890000000000004 0.00
0.5910000000000004 3.21
0.5940000000000004 11.75
0.5950000000000004 3.07
0.5960000000000004 11.60
0.5970000000000004 11.52
0.5980000000000004 2.96
0.5990000000000004 2.93
0.6000000000000004 2.89
0.6010000000000004 2.86
0.6020000000000004 2.82
0.6040000000000004 11.00
0.6050000000000004 10.93
0.6070000000000004 2.65
0.6110000000000004 0.00
0.6130000000000004 10.36
0.6140000000000004 0.00
0.6160000000000004 10.15
0.6210000000000004 2.45
0.6290000000000004 9.28
0.6310000000000004 2.19
0.6320000000000005 9.09
0.6340000000000005 1.76
0.6350000000000005 8.90
0.6370000000000005 1.67
0.6380000000000005 8.71
0.6400000000000005 8.59
0.6410000000000005 8.52
0.6440000000000005 0.00
0.6450000000000005 8.28
0.6470000000000005 0.46
0.6540000000000005 0.00
0.6550000000000005 0.28
0.6560000000000005 0.25
0.6570000000000005 0.23
0.6580000000000005 0.00
0.6610000000000005 0.12
0.6620000000000005 0.10
0.6670000000000005 -0.01
0.6680000000000005 -0.03
0.6690000000000005 6.92
0.6720000000000005 -0.11
0.6780000000000005 -0.24
0.6830000000000005 -0.34
0.6840000000000005 6.14
0.6850000000000005 -0.38
0.6880000000000005 5.94
0.6890000000000005 -0.45
0.6900000000000005 -0.47
0.6950000000000005 -0.57
0.6960000000000005 -0.58
0.6980000000000005 5.46
0.7010000000000005 5.32
0.7020000000000005 5.27
0.7030000000000005 5.22
0.7070000000000005 -0.80
0.7080000000000005 -0.82
0.7100000000000005 -0.11
0.7110000000000005 -0.87
0.7120000000000005 -0.89
0.7130000000000005 -0.90
0.7150000000000005 -0.22
0.7220000000000005 -0.38
0.7230000000000005 -0.40
0.7240000000000005 -1.10
0.7250000000000005 -0.43
0.7260000000000005 -1.13
0.7270000000000005 -1.15
0.7300000000000005 -0.53
0.7320000000000005 -0.32
0.7330000000000005 -0.58
0.7370000000000005 -0.68
0.7380000000000005 -0.45
0.7390000000000005 -0.47
0.7400000000000005 -0.73
0.7410000000000005 -0.75
0.7420000000000005 -1.39
0.7430000000000005 -1.41
0.7440000000000005 -0.80
0.7450000000000006 -1.43
0.7590000000000006 2.96
0.7660000000000006 2.72
0.7670000000000006 0.00
0.7680000000000006 2.65
0.7710000000000006 -1.05
0.7720000000000006 -1.07
0.7730000000000006 -1.09
0.7740000000000006 -1.10
0.7750000000000006 2.42
0.7770000000000006 -1.15
0.7780000000000006 -1.17
0.7790000000000006 -1.18
0.7800000000000006 -1.20
0.7810000000000006 -1.21
0.7820000000000006 2.19
0.7830000000000006 -1.24
0.7840000000000006 2.13
0.7860000000000006 2.07
0.7870000000000006 2.03
0.7880000000000006 2.00
0.7890000000000006 -1.33
0.7900000000000006 -1.35
0.7910000000000006 -1.36
0.7920000000000006 -1.38
0.7930000000000006 1.85
0.7940000000000006 1.82
0.7950000000000006 1.79
0.7960000000000006 1.76
0.7970000000000006 -1.45
0.7980000000000006 -1.46
0.7990000000000006 1.67
0.8000000000000006 1.64
0.8010000000000006 -1.51
0.8020000000000006 -1.52
0.8060000000000006 1.47
0.8100000000000006 1.36
0.8130000000000006 1.28
0.8140000000000006 1.25
0.8170000000000006 1.17
0.8180000000000006 1.14
0.8220000000000006 1.03
0.8280000000000006 0.88
0.8310000000000006 -2.03
0.8350000000000006 0.70
0.8360000000000006 0.68
0.8390000000000006 -2.52
0.8410000000000006 -2.01
0.8430000000000006 0.00
0.8490000000000006 0.37
0.8500000000000006 0.35
0.8540000000000006 0.25
0.8590000000000007 0.14
0.8600000000000007 0.12
0.8610000000000007 -2.33
0.8620000000000007 0.08
0.8630000000000007 -2.35
0.8640000000000007 0.03
0.8700000000000007 -0.09
0.8760000000000007 -0.22
0.8770000000000007 -0.24
0.8840000000000007 -0.38
0.8850000000000007 -0.40
0.8860000000000007 -0.41
0.8870000000000007 -0.43
0.8880000000000007 -2.58
0.8890000000000007 -2.58
0.8900000000000007 -2.59
0.8910000000000007 -0.51
0.8920000000000007 -0.53
0.8930000000000007 -0.55
0.8940000000000007 -0.57
0.8950000000000007 -0.58
0.8980000000000007 -0.64
0.8990000000000007 -0.66
0.9000000000000007 -0.68
0.9010000000000007 -0.69
0.9020000000000007 -2.69
0.9030000000000007 -2.69
0.9040000000000007 -2.70
0.9060000000000007 -0.78
0.9070000000000007 -0.80
0.9080000000000007 -0.82
0.9100000000000007 -0.85
0.9110000000000007 -0.87
0.9150000000000007 -0.94
0.9170000000000007 -0.97
0.9180000000000007 -0.99
0.9190000000000007 -1.00
0.9200000000000007 -1.02
0.9210000000000007 -1.04
0.9240000000000007 -1.09
0.9250000000000007 -1.10
0.9260000000000007 -1.12
0.9270000000000007 -1.13
0.9290000000000007 -1.17
0.9340000000000007 -2.84
0.9360000000000007 -2.86
0.9370000000000007 -2.86
0.9380000000000007 -2.87
0.9410000000000007 -1.35
0.9420000000000007 -1.36
0.9440000000000007 -3.18
0.9450000000000007 -3.19
0.9480000000000007 -3.20
0.9490000000000007 -2.95
0.9500000000000007 -3.21
0.9530000000000007 -1.52
0.9540000000000007 -1.53
0.9550000000000007 -1.55
0.9560000000000007 -1.56
0.9570000000000007 -1.57
0.9580000000000007 -1.59
0.9590000000000007 -1.60
0.9600000000000007 -1.62
0.9610000000000007 -1.63
0.9640000000000007 -1.67
0.9650000000000007 -1.68
0.9660000000000007 -1.69
0.9690000000000007 -1.73
0.9700000000000008 -1.75
0.9710000000000008 -1.76
0.9720000000000008 -1.77
0.9740000000000008 -1.80
0.9770000000000008 -3.32
0.9780000000000008 -3.32
0.9790000000000008 -3.32
0.9800000000000008 -3.33
0.9810000000000008 -3.33
0.9820000000000008 -3.33
0.9840000000000008 -3.34
0.9850000000000008 -3.34
0.9910000000000008 -2.00
0.9990000000000008 -3.39
1.0000000000000009 -3.39
1.002000000000001 -3.40
1.0030000000000008 -3.40
1.006000000000001 -2.16
1.0150000000000008 -3.25
1.0170000000000008 -2.28
1.018000000000001 -2.29
1.0190000000000008 -3.26
1.020000000000001 -3.27
1.022000000000001 -2.33
1.0230000000000008 -3.28
1.0250000000000008 -2.35
1.0270000000000008 -2.37
1.028000000000001 -2.38
1.0290000000000008 -2.39
1.030000000000001 -2.40
1.0350000000000008 -2.45
1.040000000000001 -3.34
1.0430000000000008 -2.52
1.052000000000001 -2.59
1.054000000000001 -3.42
1.0550000000000008 -3.51
1.0570000000000008 -3.51
1.058000000000001 -3.43
1.0590000000000008 -3.40
1.060000000000001 -3.52
1.0610000000000008 -2.66
1.0650000000000008 -2.69
1.070000000000001 -2.73
1.072000000000001 -2.75
1.0730000000000008 -2.75
1.074000000000001 -2.76
1.0750000000000008 -2.77
1.0770000000000008 -2.78
1.078000000000001 -2.79
1.0790000000000008 -2.80
1.080000000000001 -2.80
1.0810000000000008 -2.81
1.0830000000000009 -2.82
1.084000000000001 -2.83
1.0850000000000009 -2.84
1.086000000000001 -2.84
1.0870000000000009 -2.85
1.088000000000001 -2.86
1.0930000000000009 -2.89
1.0970000000000009 -2.92
1.098000000000001 -3.49
1.104000000000001 -3.53
1.106000000000001 -3.57
1.107000000000001 -3.51
1.108000000000001 -3.53
1.1090000000000009 -3.53
1.112000000000001 -3.00
1.1130000000000009 -3.52
1.114000000000001 -3.52
1.115000000000001 -3.52
1.120000000000001 -3.05
1.1210000000000009 -3.05
1.122000000000001 -3.06
1.1250000000000009 -3.58
1.1270000000000011 -3.58
1.132000000000001 -3.11
1.152000000000001 -3.58
1.154000000000001 -3.21
1.160000000000001 -3.58
1.161000000000001 -3.59
1.162000000000001 -3.25
1.1630000000000011 -3.57
1.166000000000001 -3.59
1.1670000000000011 -3.27
1.168000000000001 -3.27
1.169000000000001 -3.27
1.170000000000001 -3.28
1.1710000000000012 -3.28
1.177000000000001 -3.30
1.182000000000001 -3.58
1.184000000000001 -3.58
1.186000000000001 -3.59
1.188000000000001 -3.58
1.1910000000000012 -3.35
1.193000000000001 -3.36
1.194000000000001 -3.59
1.1950000000000012 -3.59
1.2070000000000012 -3.40
1.208000000000001 -3.58
1.209000000000001 -3.57
1.2110000000000012 -3.57
1.212000000000001 -3.57
1.213000000000001 -3.58
1.214000000000001 -3.57
1.2150000000000012 -3.59
1.216000000000001 -3.58
1.217000000000001 -3.59
1.222000000000001 -3.58
1.2230000000000012 -3.58
1.224000000000001 -3.58
1.226000000000001 -3.45
1.228000000000001 -3.45
1.2310000000000012 -3.46
1.232000000000001 -3.46
1.233000000000001 -3.46
1.2350000000000012 -3.47
1.236000000000001 -3.47
1.238000000000001 -3.47
1.241000000000001 -3.48
1.242000000000001 -3.48
1.2430000000000012 -3.48
1.244000000000001 -3.57
1.246000000000001 -3.49
1.2470000000000012 -3.49
1.248000000000001 -3.49
1.253000000000001 -3.56
1.2540000000000011 -3.50
1.2580000000000011 -3.56
1.2600000000000011 -3.56
1.261000000000001 -3.56
1.2620000000000011 -3.52
1.2630000000000012 -3.56
1.269000000000001 0.00
1.2710000000000012 -3.56
1.2720000000000011 0.00
1.273000000000001 -3.53
1.2740000000000011 -3.53
1.2760000000000011 -3.54
1.277000000000001 -3.54
1.2780000000000011 0.00
1.2790000000000012 -3.54
1.2800000000000011 -3.54
1.281000000000001 -3.54
1.2820000000000011 -3.54
1.2840000000000011 -3.55
1.285000000000001 -3.55
1.2860000000000011 -3.55
1.2870000000000013 -3.55
1.2880000000000011 -3.55
1.289000000000001 -3.55
1.2900000000000011 -3.55
1.2910000000000013 -3.55
1.2920000000000011 -3.55
1.293000000000001 0.00
1.2940000000000011 -3.56
1.2960000000000012 0.00
1.2990000000000013 257.41
1.3000000000000012 0.00
1.301000000000001 251.74
1.3020000000000012 -3.56
1.305000000000001 -3.51
1.3060000000000012 -3.57
1.3100000000000012 -3.52
1.3110000000000013 -3.51
1.3120000000000012 -3.52
1.313000000000001 -3.50
1.3160000000000012 231.09
1.3180000000000012 -3.58
1.3190000000000013 0.00
1.3200000000000012 -3.58
1.321000000000001 -3.51
1.3230000000000013 -3.58
1.325000000000001 -3.58
1.3260000000000012 -3.58
1.3300000000000012 -3.58
1.3320000000000012 -3.58
1.3340000000000012 -3.58
1.3350000000000013 -3.58
1.3360000000000012 -3.58
1.337000000000001 -3.58
1.3380000000000012 -3.58
1.3390000000000013 -3.58
1.341000000000001 249.04
1.3420000000000012 -3.58
1.3430000000000013 -3.58
1.3460000000000012 -3.59
1.3470000000000013 -3.59
1.349000000000001 254.60
1.3500000000000012 -3.59
1.3510000000000013 -3.59
1.3520000000000012 -3.59
1.353000000000001 -3.59
1.3550000000000013 -3.59
1.3560000000000012 -3.59
1.357000000000001 -3.59
1.3580000000000012 -3.59
1.3590000000000013 -3.59
1.3600000000000012 -3.59
1.361000000000001 -3.59
1.3620000000000012 -3.59
1.3630000000000013 -3.59
1.3640000000000012 -3.59
1.3660000000000012 -3.59
1.3670000000000013 -3.59
1.3680000000000012 -3.59
1.369000000000001 -3.59
1.3700000000000012 -3.59
1.3720000000000012 -3.58
1.373000000000001 -3.58
1.3750000000000013 -3.58
1.3760000000000012 -3.59
1.3770000000000011 -3.58
1.3780000000000012 207.13
1.3800000000000012 -3.58
1.3810000000000011 -3.58
1.3820000000000012 -3.58
1.3830000000000013 -3.58
1.3840000000000012 -3.58
1.3860000000000012 -3.58
1.3870000000000013 -3.58
1.3880000000000012 194.01
1.3900000000000012 -3.58
1.3910000000000013 188.81
1.3920000000000012 187.12
1.3930000000000011 -3.58
1.3940000000000012 -3.58
1.3950000000000014 -3.58
1.3980000000000012 -3.58
1.3990000000000014 -3.58
1.4000000000000012 -3.57
1.4020000000000012 -3.57
1.4030000000000014 170.16
1.4040000000000012 -3.57
1.4050000000000011 -3.57
1.4060000000000012 -3.57
1.4070000000000014 -3.57
1.4110000000000014 -3.57
1.4120000000000013 -3.57
1.4130000000000011 -3.57
1.4140000000000013 -3.57
1.4150000000000014 -3.57
1.4160000000000013 -3.57
1.4170000000000011 -3.56
1.4180000000000013 -3.56
1.4200000000000013 -3.56
1.4210000000000012 -3.56
1.4240000000000013 -3.56
1.4250000000000012 -3.56
1.4260000000000013 -3.56
1.4270000000000014 -3.56
1.4280000000000013 117.06
1.4300000000000013 -3.55
1.4310000000000014 -3.55
1.4330000000000012 147.36
1.4340000000000013 140.79
1.4370000000000012 -3.55
1.4400000000000013 135.68
1.4420000000000013 -3.54
1.4440000000000013 -3.54
1.4450000000000012 -3.54
1.4470000000000014 -3.54
1.4480000000000013 -3.54
1.4500000000000013 134.70
1.4510000000000014 133.72
1.4520000000000013 132.75
1.4530000000000012 131.84
1.4540000000000013 -3.53
1.4560000000000013 -3.53
1.4570000000000012 101.37
1.4580000000000013 -3.53
1.4610000000000012 -3.52
1.4620000000000013 -3.52
1.4630000000000014 -3.52
1.4640000000000013 -3.52
1.4650000000000012 -3.52
1.4660000000000013 -3.52
1.4670000000000014 -3.52
1.4680000000000013 122.81
1.4690000000000012 -3.52
1.4700000000000013 121.12
1.4710000000000014 120.29
1.4720000000000013 -3.51
1.4730000000000012 -3.51
1.4750000000000014 117.06
1.4790000000000014 -3.50
1.4800000000000013 -3.50
1.4810000000000012 -3.50
1.4850000000000012 109.51
1.4860000000000013 -3.49
1.4870000000000014 -3.49
1.4890000000000012 -3.49
1.4900000000000013 -3.49
1.4920000000000013 -3.49
1.4930000000000012 -3.48
1.4950000000000014 -3.48
1.4960000000000013 -3.48
1.4970000000000012 -3.48
1.4980000000000013 -3.48
1.4990000000000014 -3.48
