0.1 257.50
0.10200000000000001 110.99
0.10900000000000001 113.98
0.11000000000000001 0.00
0.11600000000000002 217.55
0.11900000000000002 0.00
0.12500000000000003 100.09
0.12600000000000003 99.46
0.12700000000000003 98.83
0.12900000000000003 94.61
0.13200000000000003 92.88
0.13400000000000004 94.61
0.13500000000000004 94.03
0.13600000000000004 90.63
0.13800000000000004 177.61
0.14000000000000004 90.63
0.14200000000000004 89.54
0.14500000000000005 0.00
0.14900000000000005 162.01
0.15600000000000006 79.49
0.15700000000000006 82.83
0.17500000000000007 85.33
0.18100000000000008 127.23
0.18600000000000008 68.49
0.1910000000000001 0.00
0.2100000000000001 104.66
0.2140000000000001 0.00
0.2150000000000001 101.37
0.2210000000000001 0.00
0.22500000000000012 50.89
0.22900000000000012 49.80
0.23000000000000012 92.31
0.23400000000000012 0.00
0.24200000000000013 56.42
0.24400000000000013 55.51
0.24500000000000013 49.00
0.2540000000000001 79.96
0.2670000000000001 40.38
0.2680000000000001 73.74
0.27800000000000014 37.86
0.27900000000000014 45.69
0.28800000000000014 0.00
0.29400000000000015 42.38
0.29600000000000015 41.93
0.29900000000000015 41.48
0.30000000000000016 41.26
0.30100000000000016 33.45
0.30200000000000016 33.27
0.30300000000000016 40.60
0.30500000000000016 0.00
0.30600000000000016 59.60
0.31000000000000016 0.00
0.31400000000000017 0.00
0.3230000000000002 36.66
0.3250000000000002 53.73
0.3260000000000002 36.27
0.3290000000000002 28.89
0.3310000000000002 30.67
0.3530000000000002 30.84
0.3620000000000002 44.01
0.3670000000000002 0.00
0.3740000000000002 27.80
0.38200000000000023 39.53
0.38600000000000023 38.69
0.38700000000000023 38.48
0.38800000000000023 38.27
0.38900000000000023 38.07
0.41000000000000025 34.00
0.4370000000000003 29.36
0.4440000000000003 18.20
0.4510000000000003 17.37
0.4580000000000003 16.66
0.4590000000000003 16.57
0.4600000000000003 16.47
0.4610000000000003 16.37
0.4750000000000003 14.96
0.4760000000000003 14.86
0.4770000000000003 14.77
0.4810000000000003 11.64
0.4830000000000003 12.57
0.4840000000000003 0.00
0.4890000000000003 22.00
0.49900000000000033 12.57
0.5050000000000003 9.67
0.5070000000000003 11.87
0.5130000000000003 10.07
0.5140000000000003 11.34
0.5200000000000004 10.84
0.5210000000000004 10.76
0.5250000000000004 17.89
0.5260000000000004 0.00
0.5280000000000004 10.27
0.5290000000000004 9.21
0.5360000000000004 9.80
0.5410000000000004 8.65
0.5460000000000004 8.41
0.5510000000000004 8.84
0.5530000000000004 0.00
0.5550000000000004 0.00
0.5560000000000004 8.53
0.5590000000000004 14.60
0.5640000000000004 14.15
0.5660000000000004 13.98
0.5730000000000004 6.83
0.5740000000000004 6.78
0.5750000000000004 6.73
0.5760000000000004 6.67
0.5770000000000004 13.06
0.5780000000000004 12.97
0.5790000000000004 12.89
0.5800000000000004 7.10
0.5810000000000004 7.04
0.5830000000000004 5.63
0.5860000000000004 12.33
0.5890000000000004 5.36
0.5920000000000004 6.52
0.5990000000000004 11.34
0.6000000000000004 11.27
0.6010000000000004 5.31
0.6020000000000004 0.00
0.6030000000000004 5.22
0.6040000000000004 10.98
0.6050000000000004 0.00
0.6070000000000004 0.00
0.6080000000000004 5.00
0.6130000000000004 10.34
0.6140000000000004 0.00
0.6150000000000004 10.21
0.6160000000000004 10.14
0.6170000000000004 10.07
0.6180000000000004 4.57
0.6190000000000004 0.00
0.6200000000000004 9.87
0.6210000000000004 9.80
0.6220000000000004 9.73
0.6230000000000004 0.00
0.6310000000000004 9.15
0.6330000000000005 0.00
0.6420000000000005 0.00
0.6610000000000005 2.82
0.6670000000000005 0.00
0.6810000000000005 0.00
0.6850000000000005 0.00
0.6860000000000005 0.00
0.6870000000000005 0.00
0.6880000000000005 1.93
0.6900000000000005 5.87
0.6910000000000005 1.84
0.6920000000000005 5.78
0.6930000000000005 0.00
0.6950000000000005 1.72
0.6990000000000005 5.45
0.7000000000000005 5.40
0.7010000000000005 5.36
0.7020000000000005 5.31
0.7030000000000005 0.00
0.7040000000000005 5.22
0.7050000000000005 5.17
0.7060000000000005 0.00
0.7070000000000005 5.09
0.7080000000000005 5.04
0.7090000000000005 5.00
0.7100000000000005 4.95
0.7120000000000005 0.00
0.7130000000000005 4.82
0.7140000000000005 4.78
0.7150000000000005 0.00
0.7160000000000005 4.69
0.7170000000000005 4.65
0.7180000000000005 4.61
0.7190000000000005 0.00
0.7200000000000005 4.52
0.7280000000000005 4.19
0.7310000000000005 4.07
0.7320000000000005 4.03
0.7330000000000005 3.99
0.7340000000000005 3.96
0.7350000000000005 3.92
0.7360000000000005 0.62
0.7370000000000005 3.84
0.7380000000000005 0.58
0.7400000000000005 0.00
0.7410000000000005 0.00
0.7480000000000006 0.00
0.7490000000000006 0.00
0.7510000000000006 0.28
0.7530000000000006 3.24
0.7540000000000006 0.00
0.7550000000000006 3.17
0.7560000000000006 3.13
0.7570000000000006 3.10
0.7580000000000006 0.13
0.7650000000000006 0.00
0.7660000000000006 2.79
0.7670000000000006 2.75
0.7680000000000006 2.72
0.7700000000000006 2.65
0.7760000000000006 2.46
0.7770000000000006 0.00
0.7860000000000006 0.00
0.7980000000000006 0.00
0.7990000000000006 1.75
0.8140000000000006 1.33
0.8230000000000006 1.09
0.8240000000000006 0.00
0.8350000000000006 -1.00
0.8380000000000006 0.72
0.8400000000000006 0.67
0.8470000000000006 -1.21
0.8480000000000006 -1.67
0.8550000000000006 0.00
0.8720000000000007 -0.04
0.8760000000000007 -0.12
0.8790000000000007 -1.89
0.8810000000000007 -0.22
0.8990000000000007 0.00
0.9070000000000007 0.00
0.9100000000000007 -0.75
0.9280000000000007 -2.39
0.9520000000000007 -2.58
0.9540000000000007 -1.43
0.9720000000000008 -1.67
0.9750000000000008 -1.70
0.9800000000000008 -1.76
0.9910000000000008 -2.87
0.9940000000000008 -1.93
1.0150000000000008 -3.01
1.016000000000001 -2.84
1.018000000000001 -3.02
1.0190000000000008 -3.03
1.024000000000001 0.00
1.0510000000000008 -3.15
1.0530000000000008 0.00
1.058000000000001 -2.53
1.064000000000001 -3.10
1.068000000000001 -3.22
1.0730000000000008 0.00
1.076000000000001 0.00
1.0770000000000008 -3.15
1.080000000000001 0.00
1.082000000000001 -3.17
1.0830000000000009 -2.71
1.0850000000000009 -2.73
1.096000000000001 -2.80
1.1050000000000009 -2.85
1.116000000000001 0.00
1.122000000000001 -3.30
1.126000000000001 0.00
1.1350000000000011 -3.02
1.164000000000001 -3.43
1.1670000000000011 -3.44
1.169000000000001 -3.40
1.174000000000001 -3.45
1.1750000000000012 -3.18
1.177000000000001 0.00
1.1910000000000012 -3.46
1.192000000000001 -3.46
1.193000000000001 -3.46
1.194000000000001 -3.46
1.217000000000001 -3.46
1.218000000000001 -3.46
1.2270000000000012 -3.48
1.228000000000001 -3.47
1.230000000000001 -3.48
1.2350000000000012 -3.48
1.242000000000001 -3.37
1.2550000000000012 -3.48
1.2580000000000011 -3.40
1.2590000000000012 -3.48
1.2620000000000011 -3.48
1.2640000000000011 -3.48
1.269000000000001 -3.48
1.2870000000000013 -3.44
1.289000000000001 -3.44
1.297000000000001 -3.46
1.2980000000000012 -3.46
1.3000000000000012 -3.46
1.3030000000000013 -3.45
1.305000000000001 -3.45
1.3070000000000013 -3.46
1.3080000000000012 -3.46
1.309000000000001 -3.46
1.3200000000000012 -3.47
1.3230000000000013 -3.47
1.3240000000000012 -3.47
1.325000000000001 -3.44
1.3270000000000013 -3.46
1.3280000000000012 -3.46
1.3300000000000012 -3.43
1.3340000000000012 -3.43
1.3440000000000012 -3.48
1.3470000000000013 -3.48
1.357000000000001 -3.48
1.3580000000000012 -3.48
1.3620000000000012 -3.48
1.3630000000000013 -3.48
1.3710000000000013 -3.48
1.3810000000000011 -3.48
1.3850000000000011 -3.48
1.3870000000000013 -3.40
1.3920000000000012 -3.40
1.3960000000000012 209.19
1.3970000000000011 207.19
1.3980000000000012 205.22
1.4000000000000012 -3.47
1.4030000000000014 194.06
1.4040000000000012 0.00
1.4050000000000011 190.59
1.4060000000000012 -3.47
1.4100000000000013 180.70
1.4140000000000013 176.07
1.4150000000000014 174.58
1.4180000000000013 -3.46
1.4190000000000014 168.79
1.4240000000000013 0.00
1.4260000000000013 -3.46
1.4280000000000013 -3.45
1.4290000000000012 154.40
1.4340000000000013 -3.45
1.4370000000000012 146.24
1.4390000000000014 -3.44
1.4400000000000013 -3.44
1.4410000000000012 188.86
1.4520000000000013 -3.43
1.4580000000000013 123.69
1.4590000000000014 155.63
1.4620000000000013 -3.42
1.4630000000000014 -3.42
1.4650000000000012 -3.42
1.4680000000000013 -3.41
1.4690000000000012 -3.41
1.4700000000000013 110.97
1.4710000000000014 110.24
1.4880000000000013 -3.39
1.4940000000000013 96.97
1.4950000000000014 96.37
1.4980000000000013 -3.38
1.4990000000000014 -3.38
