0.10800000000000001 236.34
0.10900000000000001 59.65
0.11000000000000001 59.32
0.11600000000000002 57.74
0.11800000000000002 65.12
0.12100000000000002 56.50
0.12200000000000003 56.20
0.12600000000000003 55.00
0.12800000000000003 54.41
0.13100000000000003 53.26
0.13200000000000003 52.97
0.13600000000000004 51.57
0.13800000000000004 51.02
0.14000000000000004 174.88
0.14500000000000005 56.20
0.14700000000000005 48.64
0.15500000000000005 154.70
0.15700000000000006 152.30
0.15900000000000006 45.88
0.16300000000000006 145.43
0.16600000000000006 44.21
0.16700000000000007 43.97
0.16800000000000007 43.74
0.16900000000000007 43.51
0.17100000000000007 137.01
0.17400000000000007 134.05
0.17600000000000007 47.87
0.17700000000000007 41.05
0.18000000000000008 40.40
0.18300000000000008 39.77
0.18500000000000008 123.99
0.18700000000000008 39.56
0.18900000000000008 120.62
0.19000000000000009 38.53
0.1910000000000001 38.32
0.1930000000000001 117.38
0.1990000000000001 112.76
0.2050000000000001 108.40
0.2060000000000001 35.59
0.2090000000000001 105.63
0.2160000000000001 101.02
0.2190000000000001 0.00
0.2200000000000001 32.86
0.22600000000000012 94.91
0.23200000000000012 35.59
0.23300000000000012 35.40
0.23400000000000012 90.39
0.24600000000000014 84.14
0.2550000000000001 0.00
0.2560000000000001 0.00
0.2620000000000001 76.65
0.2680000000000001 74.07
0.27600000000000013 24.42
0.28200000000000014 23.50
0.28500000000000014 23.11
0.29000000000000015 22.48
0.29400000000000015 64.05
0.29500000000000015 0.00
0.30900000000000016 59.00
0.31000000000000016 58.68
0.31300000000000017 57.74
0.3220000000000002 55.00
0.3260000000000002 18.66
0.3290000000000002 18.34
0.3320000000000002 20.44
0.3330000000000002 17.82
0.3390000000000002 19.64
0.3450000000000002 16.51
0.3470000000000002 18.66
0.3480000000000002 16.22
0.3540000000000002 17.92
0.3550000000000002 15.47
0.3630000000000002 16.81
0.3720000000000002 15.93
0.3750000000000002 13.70
0.38800000000000023 38.73
0.39000000000000024 38.32
0.40100000000000025 36.16
0.40200000000000025 11.47
0.40300000000000025 11.40
0.40400000000000025 11.32
0.40500000000000025 11.25
0.40800000000000025 34.84
0.41600000000000026 33.39
0.41700000000000026 10.32
0.41800000000000026 10.25
0.42200000000000026 9.98
0.42700000000000027 31.49
0.4360000000000003 9.00
0.4380000000000003 29.69
0.4430000000000003 8.44
0.4470000000000003 28.29
0.4480000000000003 28.13
0.4640000000000003 7.56
0.4650000000000003 7.51
0.4690000000000003 8.56
0.4700000000000003 7.17
0.4710000000000003 7.12
0.4810000000000003 7.91
0.4830000000000003 6.64
0.4850000000000003 22.99
0.4880000000000003 22.61
0.4890000000000003 6.33
0.4900000000000003 22.36
0.4920000000000003 22.11
0.49500000000000033 21.74
0.49700000000000033 0.00
0.5060000000000003 6.48
0.5080000000000003 6.33
0.5140000000000003 6.03
0.5200000000000004 4.72
0.5220000000000004 18.66
0.5250000000000004 18.34
0.5310000000000004 17.71
0.5320000000000004 5.17
0.5360000000000004 0.00
0.5370000000000004 4.05
0.5430000000000004 16.51
0.5460000000000004 0.00
0.5520000000000004 0.00
0.5540000000000004 15.47
0.5600000000000004 3.21
0.5620000000000004 14.74
0.5730000000000004 3.43
0.5740000000000004 2.68
0.5750000000000004 2.65
0.5760000000000004 3.28
0.5880000000000004 2.32
0.5910000000000004 2.22
0.5970000000000004 1.91
0.5990000000000004 2.68
0.6000000000000004 1.82
0.6060000000000004 2.45
0.6070000000000004 2.41
0.6090000000000004 2.32
0.6100000000000004 1.50
0.6110000000000004 10.82
0.6120000000000004 1.53
0.6130000000000004 1.50
0.6140000000000004 10.60
0.6170000000000004 2.03
0.6200000000000004 1.28
0.6240000000000004 1.17
0.6260000000000004 9.78
0.6320000000000005 0.96
0.6340000000000005 0.91
0.6350000000000005 0.88
0.6380000000000005 0.00
0.6400000000000005 1.33
0.6410000000000005 1.30
0.6480000000000005 0.00
0.6500000000000005 8.26
0.6530000000000005 0.42
0.6540000000000005 0.40
0.6560000000000005 7.91
0.6570000000000005 7.85
0.6580000000000005 7.79
0.6590000000000005 0.28
0.6710000000000005 -0.02
0.6720000000000005 -0.04
0.6780000000000005 0.00
0.6810000000000005 -0.21
0.6850000000000005 6.33
0.6880000000000005 6.18
0.6910000000000005 -0.46
0.6940000000000005 -0.46
0.6960000000000005 -0.51
0.6980000000000005 0.00
0.7010000000000005 0.00
0.7020000000000005 -0.62
0.7040000000000005 -0.69
0.7070000000000005 0.00
0.7300000000000005 4.26
0.7390000000000005 3.89
0.7490000000000006 3.50
0.7530000000000006 3.35
0.7540000000000006 0.00
0.7620000000000006 3.03
0.7630000000000006 2.99
0.7710000000000006 2.71
0.7800000000000006 -1.54
0.7820000000000006 -1.57
0.7850000000000006 -1.90
0.7860000000000006 -1.91
0.7910000000000006 2.06
0.7940000000000006 -2.01
0.7950000000000006 -2.02
0.7970000000000006 -1.77
0.8000000000000006 -2.04
0.8050000000000006 -2.11
0.8090000000000006 -1.91
0.8100000000000006 -1.92
0.8110000000000006 -1.93
0.8140000000000006 1.39
0.8150000000000006 -2.26
0.8160000000000006 -2.27
0.8200000000000006 1.22
0.8210000000000006 1.19
0.8220000000000006 -2.07
0.8240000000000006 -2.28
0.8250000000000006 -2.11
0.8300000000000006 -2.36
0.8310000000000006 -2.17
0.8340000000000006 -2.20
0.8360000000000006 -2.41
0.8410000000000006 -2.41
0.8480000000000006 0.51
0.8540000000000006 -2.37
0.8560000000000006 -2.38
0.8570000000000007 -2.39
0.8630000000000007 -2.64
0.8650000000000007 -2.60
0.8690000000000007 -2.63
0.8720000000000007 -2.70
0.8740000000000007 -2.67
0.8750000000000007 -2.73
0.8770000000000007 -2.69
0.8780000000000007 -2.70
0.8850000000000007 -2.80
0.8890000000000007 -2.64
0.8900000000000007 -2.64
0.8910000000000007 -2.65
0.8940000000000007 -2.86
0.8950000000000007 -2.69
0.8970000000000007 -0.51
0.9160000000000007 -2.98
0.9180000000000007 -0.88
0.9240000000000007 -3.02
0.9270000000000007 -1.03
0.9310000000000007 -3.02
0.9320000000000007 -1.11
0.9330000000000007 -3.03
0.9340000000000007 -3.03
0.9360000000000007 -3.04
0.9370000000000007 -3.05
0.9380000000000007 -3.05
0.9420000000000007 -1.26
0.9450000000000007 -1.30
0.9460000000000007 -1.32
0.9470000000000007 -1.33
0.9480000000000007 -1.35
0.9540000000000007 -3.13
0.9600000000000007 -3.16
0.9610000000000007 -3.16
0.9670000000000007 -3.19
0.9690000000000007 -3.19
0.9700000000000008 -3.20
0.9710000000000008 -3.20
0.9740000000000008 -1.70
0.9760000000000008 -3.22
0.9770000000000008 -3.22
0.9800000000000008 -3.24
0.9810000000000008 -3.24
0.9860000000000008 -1.84
0.9880000000000008 -1.87
0.9890000000000008 -3.27
0.9970000000000008 -1.97
1.0000000000000009 -2.00
1.0050000000000008 -2.05
1.006000000000001 -2.07
1.0070000000000008 -3.33
1.008000000000001 -3.33
1.010000000000001 -3.34
1.0150000000000008 -2.16
1.026000000000001 -2.27
1.0270000000000008 -2.28
1.0370000000000008 -2.37
1.042000000000001 -3.42
1.0490000000000008 -2.47
1.054000000000001 -3.44
1.0550000000000008 -3.44
1.056000000000001 -3.44
1.058000000000001 -3.45
1.068000000000001 0.00
1.0750000000000008 -2.67
1.0930000000000009 -3.49
1.094000000000001 -2.80
1.096000000000001 -3.50
1.0970000000000009 -3.50
1.103000000000001 -3.48
1.1050000000000009 -3.48
1.110000000000001 -2.90
1.111000000000001 -3.49
1.112000000000001 -3.49
1.116000000000001 -3.52
1.122000000000001 -3.52
1.1270000000000011 -3.52
1.128000000000001 -3.52
1.129000000000001 -3.52
1.134000000000001 -3.03
1.1350000000000011 -3.53
1.137000000000001 -3.53
1.140000000000001 0.00
1.142000000000001 -3.53
1.1430000000000011 -3.53
1.1470000000000011 -3.09
1.148000000000001 -3.10
1.153000000000001 0.00
1.154000000000001 -3.52
1.156000000000001 -3.13
1.1630000000000011 -3.53
1.164000000000001 -3.53
1.181000000000001 -3.53
1.182000000000001 0.00
1.1830000000000012 -3.24
1.1910000000000012 0.00
1.193000000000001 0.00
1.194000000000001 0.00
1.1950000000000012 0.00
1.196000000000001 -3.53
1.197000000000001 0.00
1.1990000000000012 -3.52
1.204000000000001 0.00
1.222000000000001 0.00
1.2230000000000012 -3.36
1.226000000000001 -3.37
1.232000000000001 0.00
1.233000000000001 -3.52
1.234000000000001 -3.51
1.2350000000000012 0.00
1.236000000000001 -3.50
1.237000000000001 -3.50
1.238000000000001 -3.40
1.2390000000000012 -3.50
1.241000000000001 -3.40
1.242000000000001 -3.41
1.250000000000001 -3.42
1.2520000000000011 -3.49
1.253000000000001 -3.49
1.2540000000000011 -3.51
1.2550000000000012 0.00
1.2560000000000011 -3.48
1.2630000000000012 -3.45
1.2640000000000011 -3.45
1.2700000000000011 -3.49
1.273000000000001 0.00
1.2790000000000012 -3.45
1.2820000000000011 -3.48
1.289000000000001 252.11
1.2910000000000013 -3.47
1.2950000000000013 -3.49
1.301000000000001 251.89
1.3040000000000012 -3.50
1.305000000000001 -3.46
1.3080000000000012 238.84
1.309000000000001 -3.51
1.3180000000000012 190.65
1.3240000000000012 244.00
1.325000000000001 -3.52
1.3260000000000012 -3.52
1.3270000000000013 -3.52
1.3300000000000012 -3.52
1.3320000000000012 -3.52
1.3340000000000012 170.29
1.3350000000000013 -3.52
1.3360000000000012 -3.52
1.3430000000000013 -3.53
1.3440000000000012 181.00
1.3460000000000012 149.74
1.3500000000000012 145.22
1.353000000000001 -3.53
1.3590000000000013 -3.53
1.3600000000000012 184.19
1.3640000000000012 -3.57
1.3660000000000012 -3.53
1.3680000000000012 -3.53
1.369000000000001 125.52
1.3700000000000012 -3.53
1.3720000000000012 -3.53
1.373000000000001 164.74
1.3820000000000012 -3.53
1.3830000000000013 155.71
1.3840000000000012 -3.53
1.3860000000000012 152.08
1.3890000000000011 111.06
1.3900000000000012 110.33
1.3920000000000012 -3.53
1.3950000000000014 106.79
1.3970000000000011 0.00
1.3980000000000012 -3.53
1.3990000000000014 -3.53
1.4000000000000012 -3.53
1.4020000000000012 -3.53
1.4030000000000014 -3.52
1.4050000000000011 -3.56
1.4080000000000013 100.17
1.4100000000000013 99.13
1.4150000000000014 0.00
1.4170000000000011 -3.52
1.4190000000000014 -3.52
1.4220000000000013 -3.52
1.4280000000000013 103.40
1.4290000000000012 -3.54
1.4330000000000012 -3.51
1.4350000000000014 115.81
1.4360000000000013 85.43
1.4390000000000014 -3.50
1.4410000000000012 -3.50
1.4420000000000013 0.00
1.4440000000000013 0.00
1.4460000000000013 -3.50
1.4490000000000012 -3.50
1.4500000000000013 -3.50
1.4510000000000014 -3.49
1.4540000000000013 -3.49
1.4560000000000013 -3.49
1.4570000000000012 -3.49
1.4580000000000013 -3.49
1.4590000000000014 -3.49
1.4610000000000012 -3.49
1.4620000000000013 -3.48
1.4640000000000013 -3.48
1.4650000000000012 -3.48
1.4660000000000013 -3.48
1.4680000000000013 -3.48
1.4700000000000013 72.60
1.4720000000000013 -3.47
1.4740000000000013 -3.47
1.4760000000000013 70.79
1.4770000000000012 -3.47
1.4790000000000014 69.39
1.4820000000000013 90.72
1.4840000000000013 78.68
1.4860000000000013 88.55
1.4870000000000014 77.32
1.4880000000000013 86.97
1.4900000000000013 75.56
1.4920000000000013 84.42
1.4940000000000013 -3.45
1.4950000000000014 73.43
1.4970000000000012 -3.45
1.4980000000000013 -3.44
