0.101 254.96
0.11000000000000001 229.13
0.11300000000000002 222.26
0.11400000000000002 220.05
0.12500000000000003 199.87
0.12900000000000003 189.22
0.13400000000000004 181.05
0.13500000000000004 179.49
0.13700000000000004 176.43
0.13800000000000004 174.94
0.14200000000000004 167.76
0.14400000000000004 165.02
0.14700000000000005 161.05
0.14800000000000005 159.76
0.14900000000000005 158.49
0.15000000000000005 157.23
0.15100000000000005 157.23
0.15400000000000005 155.99
0.16200000000000006 144.41
0.16400000000000006 144.41
0.16600000000000006 138.10
0.17000000000000007 138.10
0.17400000000000007 133.16
0.17600000000000007 128.49
0.18300000000000008 125.81
0.18400000000000008 124.94
0.18500000000000008 124.94
0.18600000000000008 124.07
0.18700000000000008 121.53
0.18800000000000008 120.70
0.19000000000000009 119.87
0.1910000000000001 119.06
0.1930000000000001 116.67
0.1940000000000001 116.67
0.1960000000000001 115.11
0.1970000000000001 114.35
0.1990000000000001 112.84
0.2020000000000001 112.09
0.2040000000000001 110.63
0.2080000000000001 107.78
0.2090000000000001 107.08
0.2100000000000001 106.39
0.2110000000000001 104.36
0.2120000000000001 103.70
0.2130000000000001 103.04
0.2160000000000001 102.38
0.2170000000000001 101.74
0.2180000000000001 101.10
0.2190000000000001 100.46
0.22700000000000012 93.83
0.22900000000000012 92.13
0.23100000000000012 91.57
0.23200000000000012 92.69
0.23400000000000012 90.46
0.23700000000000013 88.84
0.24400000000000013 83.22
0.24800000000000014 83.71
0.24900000000000014 83.22
0.2500000000000001 82.25
0.2510000000000001 81.77
0.2540000000000001 79.42
0.2550000000000001 77.16
0.2610000000000001 76.72
0.2620000000000001 76.72
0.2630000000000001 72.88
0.2650000000000001 75.41
0.2660000000000001 74.56
0.2670000000000001 71.26
0.26900000000000013 72.06
0.27000000000000013 71.66
0.27200000000000013 70.86
0.27300000000000013 72.06
0.27600000000000013 70.86
0.28200000000000014 68.51
0.28700000000000014 64.10
0.29500000000000015 63.75
0.29900000000000015 60.35
0.30100000000000016 60.02
0.31100000000000017 56.55
0.31300000000000017 55.34
0.31500000000000017 56.55
0.31600000000000017 54.45
0.31700000000000017 54.16
0.31800000000000017 53.87
0.3190000000000002 53.58
0.3200000000000002 53.29
0.3210000000000002 53.01
0.3270000000000002 53.58
0.3300000000000002 52.72
0.3370000000000002 48.92
0.3520000000000002 44.70
0.3530000000000002 44.46
0.3540000000000002 44.23
0.3550000000000002 43.99
0.3560000000000002 45.41
0.3570000000000002 43.53
0.3580000000000002 44.94
0.3590000000000002 44.70
0.3600000000000002 44.46
0.3610000000000002 42.62
0.3620000000000002 44.46
0.3630000000000002 43.53
0.3640000000000002 43.30
0.3650000000000002 43.76
0.3680000000000002 40.85
0.3690000000000002 40.63
0.3760000000000002 40.63
0.3770000000000002 40.42
0.3780000000000002 38.74
0.3810000000000002 40.20
0.38600000000000023 39.15
0.38800000000000023 38.74
0.39000000000000024 36.35
0.39200000000000024 37.93
0.39300000000000024 37.13
0.39400000000000024 37.53
0.39700000000000024 36.35
0.40500000000000025 35.40
0.40600000000000025 33.21
0.40700000000000025 34.47
0.40900000000000025 34.11
0.41000000000000025 33.93
0.41200000000000025 32.17
0.41400000000000026 31.83
0.41500000000000026 31.66
0.41600000000000026 32.86
0.41700000000000026 31.32
0.41800000000000026 33.04
0.41900000000000026 30.99
0.42000000000000026 30.82
0.42200000000000026 32.34
0.42400000000000027 32.00
0.42500000000000027 31.32
0.42600000000000027 31.15
0.42700000000000027 31.49
0.42800000000000027 29.53
0.42900000000000027 29.37
0.43000000000000027 30.99
0.43100000000000027 29.05
0.4370000000000003 29.37
0.4380000000000003 29.21
0.4390000000000003 27.83
0.4400000000000003 28.74
0.4410000000000003 27.23
0.4420000000000003 27.08
0.4440000000000003 28.74
0.4450000000000003 28.59
0.4460000000000003 27.98
0.4470000000000003 28.28
0.4480000000000003 28.13
0.4500000000000003 26.07
0.4510000000000003 27.23
0.4520000000000003 27.53
0.4560000000000003 25.24
0.4570000000000003 25.10
0.4590000000000003 24.69
0.4610000000000003 26.22
0.4740000000000003 22.73
0.4760000000000003 22.48
0.4770000000000003 21.98
0.4830000000000003 22.86
0.4850000000000003 22.60
0.4890000000000003 22.48
0.5030000000000003 20.79
0.5040000000000003 18.99
0.5140000000000003 19.09
0.5150000000000003 18.99
0.5160000000000003 18.88
0.5180000000000003 19.09
0.5190000000000003 17.62
0.5200000000000004 18.45
0.5210000000000004 18.34
0.5220000000000004 18.24
0.5240000000000004 18.03
0.5290000000000004 17.93
0.5350000000000004 16.04
0.5370000000000004 15.85
0.5380000000000004 15.48
0.5390000000000004 15.39
0.5400000000000004 15.30
0.5410000000000004 15.39
0.5420000000000004 16.62
0.5430000000000004 15.21
0.5440000000000004 16.04
0.5450000000000004 15.95
0.5460000000000004 15.85
0.5470000000000004 14.76
0.5480000000000004 15.67
0.5490000000000004 15.57
0.5500000000000004 15.85
0.5510000000000004 15.39
0.5520000000000004 15.30
0.5530000000000004 15.57
0.5560000000000004 13.97
0.5590000000000004 15.03
0.5640000000000004 14.58
0.5660000000000004 14.41
0.5670000000000004 14.32
0.5680000000000004 13.80
0.5690000000000004 12.90
0.5700000000000004 12.82
0.5740000000000004 12.42
0.5750000000000004 12.34
0.5760000000000004 13.06
0.5820000000000004 13.06
0.5860000000000004 11.51
0.5910000000000004 11.00
0.5930000000000004 12.19
0.5940000000000004 11.73
0.5950000000000004 10.79
0.6040000000000004 10.10
0.6090000000000004 9.76
0.6110000000000004 9.70
0.6120000000000004 9.63
0.6140000000000004 10.65
0.6160000000000004 10.23
0.6170000000000004 10.44
0.6260000000000004 9.50
0.6360000000000005 8.09
0.6390000000000005 7.74
0.6440000000000005 8.68
0.6460000000000005 8.56
0.6470000000000005 8.50
0.6550000000000005 6.98
0.6560000000000005 6.92
0.6640000000000005 7.52
0.6670000000000005 6.98
0.6680000000000005 6.92
0.6720000000000005 7.08
0.6760000000000005 5.86
0.6780000000000005 6.76
0.6790000000000005 6.71
0.6800000000000005 6.66
0.6810000000000005 6.26
0.6820000000000005 5.63
0.6830000000000005 6.51
0.6850000000000005 6.06
0.6860000000000005 6.36
0.6920000000000005 5.12
0.6990000000000005 5.30
0.7000000000000005 4.73
0.7020000000000005 4.60
0.7060000000000005 4.95
0.7070000000000005 5.35
0.7090000000000005 4.82
0.7100000000000005 4.77
0.7140000000000005 5.03
0.7160000000000005 3.95
0.7180000000000005 3.91
0.7210000000000005 3.76
0.7220000000000005 4.23
0.7230000000000005 4.19
0.7240000000000005 4.15
0.7250000000000005 4.11
0.7260000000000005 3.61
0.7290000000000005 4.39
0.7310000000000005 3.42
0.7320000000000005 3.39
0.7330000000000005 3.76
0.7340000000000005 3.72
0.7350000000000005 3.68
0.7360000000000005 3.65
0.7370000000000005 3.17
0.7400000000000005 3.06
0.7410000000000005 3.03
0.7420000000000005 3.39
0.7540000000000006 3.42
0.7550000000000006 3.39
0.7560000000000006 2.93
0.7590000000000006 2.82
0.7630000000000006 3.10
0.7650000000000006 2.62
0.7690000000000006 2.49
0.7700000000000006 2.46
0.7740000000000006 2.72
0.7750000000000006 2.03
0.7760000000000006 2.03
0.7780000000000006 1.97
0.7800000000000006 2.15
0.7820000000000006 2.46
0.7830000000000006 2.06
0.7890000000000006 1.85
0.7900000000000006 1.79
0.7930000000000006 1.70
0.7960000000000006 1.62
0.8010000000000006 1.34
0.8050000000000006 1.16
0.8090000000000006 1.08
0.8100000000000006 1.24
0.8120000000000006 1.18
0.8170000000000006 0.83
0.8180000000000006 0.81
0.8190000000000006 1.00
0.8200000000000006 0.76
0.8210000000000006 0.00
0.8260000000000006 1.18
0.8270000000000006 1.16
0.8280000000000006 1.13
0.8290000000000006 0.55
0.8300000000000006 0.73
0.8320000000000006 0.69
0.8330000000000006 0.66
0.8370000000000006 0.90
0.8420000000000006 0.78
0.8430000000000006 0.76
0.8450000000000006 0.17
0.8460000000000006 0.00
0.8480000000000006 0.00
0.8500000000000006 0.30
0.8520000000000006 -0.02
0.8530000000000006 0.21
0.8550000000000006 -0.08
0.8560000000000006 -0.10
0.8580000000000007 0.41
0.8650000000000007 -0.06
0.8660000000000007 -0.08
0.8720000000000007 -0.19
0.8730000000000007 -0.46
0.8750000000000007 0.00
0.8830000000000007 -0.53
0.8850000000000007 -0.65
0.8860000000000007 -0.67
0.8870000000000007 -0.44
0.8880000000000007 -0.46
0.8890000000000007 0.00
0.8930000000000007 -0.55
0.8950000000000007 -0.35
0.8980000000000007 0.00
0.9020000000000007 -0.91
0.9120000000000007 -1.08
0.9150000000000007 -0.70
0.9160000000000007 -0.72
0.9170000000000007 -0.73
0.9220000000000007 0.00
0.9250000000000007 -0.87
0.9260000000000007 -0.88
0.9310000000000007 -1.29
0.9320000000000007 -1.30
0.9330000000000007 -1.38
0.9360000000000007 -1.04
0.9370000000000007 0.00
0.9400000000000007 0.00
0.9420000000000007 -1.49
0.9430000000000007 -1.50
0.9500000000000007 -1.24
0.9510000000000007 -1.26
0.9520000000000007 -1.27
0.9530000000000007 -1.29
0.9540000000000007 0.00
0.9550000000000007 -1.49
0.9580000000000007 -1.71
0.9620000000000007 -1.68
0.9640000000000007 -1.71
0.9700000000000008 -1.67
0.9710000000000008 -1.68
0.9720000000000008 -1.70
0.9730000000000008 -1.71
0.9750000000000008 -1.73
0.9760000000000008 0.00
0.9770000000000008 -1.75
0.9780000000000008 -1.90
0.9790000000000008 -1.91
0.9850000000000008 -2.03
0.9860000000000008 -2.04
0.9870000000000008 -1.87
0.9910000000000008 -2.03
0.9920000000000008 -1.78
0.9930000000000008 -1.79
0.9940000000000008 -1.80
0.9970000000000008 -1.96
1.0050000000000008 0.00
1.012000000000001 0.00
1.0130000000000008 -2.13
1.0190000000000008 -2.06
1.0230000000000008 -2.22
1.0250000000000008 -2.37
1.0370000000000008 -2.35
1.038000000000001 -2.35
1.0410000000000008 0.00
1.0450000000000008 -2.30
1.046000000000001 -2.42
1.048000000000001 -2.55
1.050000000000001 0.00
1.0510000000000008 -2.60
1.0530000000000008 0.00
1.0550000000000008 -2.64
1.056000000000001 -2.50
1.060000000000001 -2.66
1.062000000000001 -2.68
1.0630000000000008 0.00
1.064000000000001 -2.67
1.0650000000000008 -2.68
1.066000000000001 -2.68
1.068000000000001 -2.58
1.0690000000000008 -2.59
1.0710000000000008 -2.60
1.0790000000000008 -2.57
1.080000000000001 -2.66
1.0810000000000008 -2.66
1.082000000000001 -2.67
1.0830000000000009 -2.78
1.0910000000000009 -2.73
1.092000000000001 -2.73
1.0970000000000009 -2.69
1.098000000000001 -2.86
1.1010000000000009 -2.88
1.103000000000001 -2.91
1.110000000000001 -2.93
1.111000000000001 -2.85
1.1130000000000009 -2.85
1.114000000000001 -2.86
1.115000000000001 -2.86
1.116000000000001 -2.87
1.1170000000000009 -2.87
1.119000000000001 -2.82
1.123000000000001 -3.00
1.1250000000000009 -3.01
1.129000000000001 -2.87
1.130000000000001 -2.88
1.1310000000000011 -2.88
1.134000000000001 0.00
1.1350000000000011 -2.96
1.145000000000001 -3.08
1.146000000000001 -3.08
1.1470000000000011 -3.08
1.148000000000001 -3.02
1.149000000000001 -3.02
1.150000000000001 -2.98
1.152000000000001 -2.98
1.153000000000001 -2.99
1.156000000000001 -3.06
1.1590000000000011 -3.13
1.160000000000001 -3.02
1.161000000000001 -3.15
1.162000000000001 -3.16
1.1630000000000011 0.00
1.164000000000001 -3.04
1.1670000000000011 -3.05
1.1710000000000012 -3.12
1.174000000000001 -3.13
1.1750000000000012 -3.13
1.176000000000001 -3.18
1.177000000000001 0.00
1.182000000000001 -3.22
1.1830000000000012 -3.21
1.185000000000001 -3.23
1.188000000000001 -3.18
1.193000000000001 -3.24
1.194000000000001 -3.24
1.1950000000000012 -3.24
1.196000000000001 -3.24
1.197000000000001 -3.27
1.198000000000001 -3.16
1.201000000000001 0.00
1.202000000000001 -3.17
1.204000000000001 -3.26
1.2070000000000012 -3.27
1.212000000000001 -3.28
1.213000000000001 -3.29
1.2150000000000012 -3.29
1.216000000000001 -3.26
1.217000000000001 -3.26
1.218000000000001 -3.30
1.224000000000001 -3.31
1.2270000000000012 0.00
1.228000000000001 -3.32
1.2310000000000012 -3.25
1.233000000000001 -3.30
1.234000000000001 -3.26
1.2350000000000012 -3.35
1.236000000000001 -3.30
1.237000000000001 -3.35
1.238000000000001 -3.35
1.2390000000000012 -3.35
1.240000000000001 -3.34
1.241000000000001 -3.31
1.245000000000001 -3.36
1.2470000000000012 -3.36
1.248000000000001 -3.37
1.249000000000001 0.00
1.250000000000001 -3.37
1.2600000000000011 -3.37
1.2620000000000011 -3.37
1.2660000000000011 -3.32
1.2820000000000011 -3.37
1.2830000000000013 -3.37
1.2840000000000011 0.00
1.2870000000000013 0.00
1.2880000000000011 0.00
1.289000000000001 -3.38
1.2910000000000013 -3.40
1.2950000000000013 -3.37
1.2990000000000013 -3.37
1.3040000000000012 -3.40
1.3060000000000012 -3.39
1.3070000000000013 -3.41
1.309000000000001 0.00
1.3100000000000012 -3.40
1.3110000000000013 -3.40
1.313000000000001 -3.41
1.3160000000000012 -3.40
1.321000000000001 -3.39
1.3230000000000013 -3.41
1.3240000000000012 -3.41
1.325000000000001 0.00
1.3260000000000012 0.00
1.3270000000000013 -3.41
1.329000000000001 0.00
1.3310000000000013 -3.41
1.3320000000000012 -3.41
1.333000000000001 -3.40
1.3340000000000012 -3.41
1.3420000000000012 -3.41
1.3430000000000013 0.00
1.3440000000000012 -3.41
1.357000000000001 -3.41
1.3580000000000012 -3.41
1.3590000000000013 -3.41
1.3620000000000012 -3.41
1.3640000000000012 -3.41
1.365000000000001 -3.41
1.3680000000000012 -3.41
1.369000000000001 -3.41
1.3740000000000012 -3.41
1.3750000000000013 -3.41
1.3770000000000011 -3.41
1.3780000000000012 -3.40
1.3790000000000013 -3.40
1.3800000000000012 -3.41
1.3810000000000011 -3.41
1.3830000000000013 -3.41
1.3840000000000012 -3.41
1.3860000000000012 -3.40
1.3870000000000013 -3.40
1.3880000000000012 -3.41
1.3890000000000011 -3.41
1.3900000000000012 -3.40
1.3910000000000013 -3.39
1.3920000000000012 -3.39
1.3960000000000012 -3.39
1.3970000000000011 -3.39
1.4000000000000012 -3.40
1.4050000000000011 -3.40
1.4100000000000013 -3.37
1.4120000000000013 -3.37
1.4130000000000011 -3.38
1.4170000000000011 -3.37
1.4230000000000014 -3.40
1.4280000000000013 -3.37
1.4290000000000012 -3.38
1.4310000000000014 -3.36
1.4320000000000013 -3.36
1.4340000000000013 -3.35
1.4350000000000014 -3.35
1.4360000000000013 -3.35
1.4370000000000012 -3.35
1.4380000000000013 -3.35
1.4390000000000014 -3.39
1.4400000000000013 -3.37
1.4430000000000014 -3.35
1.4450000000000012 -3.37
1.4520000000000013 -3.34
1.4560000000000013 -3.38
1.4600000000000013 -3.37
1.4610000000000012 -3.37
1.4640000000000013 -3.35
1.4670000000000014 241.23
1.4700000000000013 233.71
1.4730000000000012 -3.39
1.4740000000000013 -3.34
1.4800000000000013 213.43
1.4820000000000013 -3.35
1.4870000000000014 190.71
1.4890000000000012 228.92
1.4900000000000013 -3.34
1.4920000000000013 182.64
1.4940000000000013 219.84
1.4980000000000013 -3.33
1.4990000000000014 211.57
