0.10300000000000001 80.37
0.10700000000000001 85.78
0.10900000000000001 233.55
0.11000000000000001 231.14
0.11300000000000002 76.26
0.11500000000000002 70.79
0.11600000000000002 0.00
0.12300000000000003 203.27
0.12500000000000003 66.53
0.12600000000000003 66.15
0.13300000000000003 63.97
0.13800000000000004 177.57
0.14000000000000004 174.55
0.15500000000000005 0.00
0.15700000000000006 55.74
0.15900000000000006 64.69
0.16100000000000006 147.34
0.16300000000000006 145.11
0.16400000000000006 144.01
0.17200000000000007 135.69
0.17400000000000007 50.27
0.17500000000000007 0.00
0.19000000000000009 45.37
0.1960000000000001 43.70
0.2000000000000001 42.77
0.2040000000000001 0.00
0.2080000000000001 41.18
0.2130000000000001 40.09
0.2200000000000001 98.16
0.22600000000000012 94.56
0.23200000000000012 91.13
0.23500000000000013 89.48
0.24400000000000013 84.76
0.24600000000000014 0.00
0.2520000000000001 80.84
0.2630000000000001 0.00
0.27200000000000013 28.97
0.28300000000000014 27.12
0.28500000000000014 66.90
0.28700000000000014 66.15
0.29200000000000015 64.33
0.29400000000000015 63.62
0.30000000000000016 24.68
0.30300000000000016 60.52
0.30600000000000016 0.00
0.31100000000000017 0.00
0.31700000000000017 22.43
0.3210000000000002 21.93
0.3270000000000002 21.07
0.3300000000000002 52.22
0.3310000000000002 20.60
0.3340000000000002 20.13
0.3430000000000002 48.67
0.3440000000000002 48.41
0.3450000000000002 48.14
0.3460000000000002 47.89
0.3480000000000002 47.37
0.3530000000000002 46.11
0.3600000000000002 0.00
0.3610000000000002 21.44
0.3620000000000002 21.31
0.3660000000000002 20.83
0.3680000000000002 0.00
0.3720000000000002 41.63
0.3740000000000002 0.00
0.3760000000000002 19.78
0.38300000000000023 18.89
0.38800000000000023 38.20
0.39200000000000024 0.00
0.39300000000000024 17.82
0.39400000000000024 36.98
0.39600000000000024 36.58
0.39700000000000024 36.39
0.39800000000000024 36.19
0.39900000000000024 36.00
0.40000000000000024 17.10
0.40200000000000025 14.53
0.40700000000000025 16.30
0.41000000000000025 16.01
0.41400000000000026 33.19
0.42100000000000026 13.16
0.4350000000000003 10.92
0.4420000000000003 28.49
0.4450000000000003 0.00
0.4530000000000003 26.82
0.4550000000000003 0.00
0.4560000000000003 26.38
0.4590000000000003 25.94
0.4680000000000003 0.00
0.4730000000000003 0.00
0.4800000000000003 8.01
0.4820000000000003 7.89
0.4840000000000003 7.77
0.4860000000000003 7.66
0.4890000000000003 21.93
0.4900000000000003 0.00
0.4920000000000003 7.27
0.4940000000000003 7.16
0.49600000000000033 21.07
0.49700000000000033 0.00
0.49900000000000033 20.71
0.5010000000000003 6.74
0.5020000000000003 6.68
0.5070000000000003 19.78
0.5080000000000003 19.67
0.5090000000000003 19.56
0.5100000000000003 0.00
0.5110000000000003 0.00
0.5170000000000003 18.67
0.5200000000000004 18.35
0.5340000000000004 16.89
0.5380000000000004 4.96
0.5390000000000004 4.92
0.5400000000000004 0.00
0.5410000000000004 4.83
0.5460000000000004 15.73
0.5480000000000004 15.54
0.5500000000000004 0.00
0.5520000000000004 15.16
0.5560000000000004 14.80
0.5590000000000004 14.53
0.5710000000000004 0.00
0.5810000000000004 0.00
0.5860000000000004 0.00
0.5910000000000004 11.89
0.5930000000000004 0.00
0.5950000000000004 0.00
0.5970000000000004 3.25
0.5980000000000004 3.21
0.6020000000000004 3.07
0.6120000000000004 10.36
0.6140000000000004 10.22
0.6160000000000004 0.00
0.6220000000000004 9.68
0.6340000000000005 0.00
0.6410000000000005 0.00
0.6440000000000005 1.26
0.6490000000000005 8.01
0.6510000000000005 7.89
0.6530000000000005 7.77
0.6550000000000005 7.66
0.6620000000000005 7.27
0.6630000000000005 0.00
0.6670000000000005 0.00
0.6700000000000005 1.59
0.6770000000000005 6.48
0.6900000000000005 0.19
0.6910000000000005 0.92
0.6930000000000005 0.84
0.6960000000000005 0.00
0.7000000000000005 0.00
0.7040000000000005 0.00
0.7090000000000005 0.05
0.7100000000000005 0.00
0.7200000000000005 -0.39
0.7270000000000005 0.09
0.7280000000000005 0.00
0.7300000000000005 0.02
0.7310000000000005 4.04
0.7350000000000005 3.88
0.7370000000000005 -0.14
0.7380000000000005 0.00
0.7440000000000005 0.00
0.7450000000000006 3.50
0.7460000000000006 3.47
0.7470000000000006 3.43
0.7510000000000006 3.28
0.7560000000000006 -0.51
0.7580000000000006 -0.54
0.7640000000000006 2.83
0.7650000000000006 2.79
0.7670000000000006 2.73
0.7680000000000006 2.69
0.7690000000000006 2.66
0.7710000000000006 2.59
0.7730000000000006 2.53
0.7760000000000006 2.43
0.7830000000000006 -0.97
0.7840000000000006 -0.99
0.7850000000000006 2.15
0.7860000000000006 2.12
0.7870000000000006 2.09
0.7880000000000006 2.05
0.7900000000000006 1.99
0.7910000000000006 0.00
0.7930000000000006 -1.14
0.7950000000000006 0.00
0.7970000000000006 1.79
0.7980000000000006 1.76
0.8040000000000006 0.00
0.8150000000000006 -1.49
0.8170000000000006 0.00
0.8190000000000006 1.18
0.8200000000000006 1.15
0.8230000000000006 -1.59
0.8290000000000006 0.92
0.8330000000000006 0.82
0.8340000000000006 -1.73
0.8360000000000006 -1.76
0.8380000000000006 0.70
0.8450000000000006 -1.87
0.8500000000000006 0.42
0.8550000000000006 0.30
0.8570000000000007 -2.02
0.8580000000000007 -2.03
0.8640000000000007 0.00
0.8740000000000007 -2.20
0.8760000000000007 0.00
0.8770000000000007 -2.36
0.8850000000000007 0.00
0.8870000000000007 -2.49
0.8880000000000007 0.00
0.8890000000000007 -2.51
0.8900000000000007 -2.52
0.9020000000000007 -0.63
0.9050000000000007 -0.68
0.9170000000000007 -0.89
0.9290000000000007 -2.76
0.9300000000000007 0.00
0.9360000000000007 -2.80
0.9380000000000007 -1.22
0.9390000000000007 -1.23
0.9400000000000007 0.00
0.9450000000000007 0.00
0.9510000000000007 0.00
0.9670000000000007 -1.62
0.9680000000000007 -1.63
0.9770000000000008 -1.74
0.9850000000000008 -1.84
0.9860000000000008 -1.85
0.9930000000000008 -1.93
0.9960000000000008 -1.97
0.9990000000000008 -2.00
1.0030000000000008 -3.15
1.010000000000001 -3.18
1.0110000000000008 0.00
1.012000000000001 0.00
1.0130000000000008 0.00
1.0210000000000008 0.00
1.0270000000000008 -2.28
1.028000000000001 -2.29
1.030000000000001 -3.26
1.032000000000001 0.00
1.0330000000000008 -3.27
1.0370000000000008 -2.37
1.040000000000001 -2.40
1.0410000000000008 -2.41
1.0530000000000008 -2.51
1.056000000000001 -2.53
1.0570000000000008 0.00
1.058000000000001 -2.55
1.062000000000001 -3.34
1.064000000000001 0.00
1.0650000000000008 -2.60
1.066000000000001 0.00
1.068000000000001 -3.36
1.0730000000000008 -3.37
1.0810000000000008 0.00
1.084000000000001 -3.39
1.0870000000000009 -3.40
1.088000000000001 0.00
1.094000000000001 -3.41
1.0950000000000009 -2.81
1.096000000000001 -3.42
1.0970000000000009 -3.42
1.106000000000001 -3.43
1.1090000000000009 -3.44
1.118000000000001 -3.46
1.120000000000001 -3.46
1.1250000000000009 -3.45
1.126000000000001 -3.45
1.128000000000001 -3.46
1.129000000000001 -3.00
1.134000000000001 -3.03
1.1350000000000011 -3.46
1.137000000000001 -3.04
1.138000000000001 -3.04
1.140000000000001 -3.05
1.145000000000001 -3.45
1.1510000000000011 -3.46
1.154000000000001 -3.46
1.156000000000001 -3.47
1.157000000000001 -3.47
1.1630000000000011 -3.48
1.1670000000000011 -3.47
1.168000000000001 -3.48
1.1710000000000012 -3.49
1.172000000000001 -3.19
1.174000000000001 -3.20
1.1750000000000012 -3.49
1.176000000000001 -3.49
1.178000000000001 -3.49
1.181000000000001 -3.48
1.192000000000001 0.00
1.193000000000001 -3.49
1.197000000000001 -3.49
1.1990000000000012 -3.49
1.205000000000001 -3.49
1.206000000000001 -3.49
1.2070000000000012 -3.49
1.2110000000000012 -3.49
1.213000000000001 -3.49
1.2150000000000012 -3.49
1.217000000000001 -3.49
1.218000000000001 -3.49
1.2230000000000012 -3.48
1.224000000000001 -3.49
1.230000000000001 -3.36
1.236000000000001 -3.37
1.244000000000001 -3.39
1.2470000000000012 -3.46
1.248000000000001 -3.46
1.249000000000001 -3.46
1.250000000000001 -3.46
1.2520000000000011 -3.46
1.2560000000000011 -3.46
1.257000000000001 -3.45
1.2580000000000011 -3.45
1.2660000000000011 -3.46
1.2680000000000011 -3.46
1.273000000000001 -3.43
1.2750000000000012 -3.44
1.281000000000001 -3.44
1.2820000000000011 -3.45
1.2840000000000011 -3.45
1.285000000000001 -3.45
1.2860000000000011 -3.45
1.2920000000000011 -3.42
1.293000000000001 -3.42
1.305000000000001 -3.47
1.3070000000000013 -3.47
1.3080000000000012 -3.47
1.3110000000000013 -3.47
1.3120000000000012 -3.47
1.313000000000001 -3.47
1.3150000000000013 -3.48
1.3160000000000012 -3.48
1.3200000000000012 -3.48
1.321000000000001 254.92
1.3230000000000013 -3.40
1.325000000000001 -3.48
1.3260000000000012 238.84
1.3270000000000013 -3.39
1.3310000000000013 -3.48
1.333000000000001 -3.48
1.3340000000000012 -3.48
1.3350000000000013 0.00
1.3360000000000012 246.65
1.345000000000001 224.46
1.3460000000000012 0.00
1.349000000000001 207.49
1.3540000000000012 171.94
1.3550000000000013 -3.53
1.3560000000000012 192.60
1.3630000000000013 -3.49
1.365000000000001 -3.49
1.3660000000000012 -3.49
1.3680000000000012 -3.49
1.369000000000001 -3.49
1.3700000000000012 -3.49
1.3710000000000013 -3.49
1.3720000000000012 -3.49
1.373000000000001 -3.49
1.3740000000000012 145.43
1.3750000000000013 187.16
1.3760000000000012 -3.49
1.3770000000000011 -3.49
1.3780000000000012 -3.49
1.3790000000000013 -3.49
1.3800000000000012 -3.49
1.3830000000000013 -3.48
1.3870000000000013 -3.48
1.3880000000000012 -3.48
1.3890000000000011 -3.48
1.3900000000000012 -3.48
1.3910000000000013 -3.48
1.3920000000000012 -3.48
1.3930000000000011 -3.48
1.3960000000000012 119.80
1.3970000000000011 118.98
1.3990000000000014 -3.48
1.4000000000000012 -3.48
1.4010000000000011 -3.48
1.4020000000000012 -3.48
1.4030000000000014 142.18
1.4060000000000012 -3.58
1.4090000000000011 109.11
1.4100000000000013 108.40
1.4140000000000013 -3.47
1.4190000000000014 123.63
1.4200000000000013 -3.47
1.4230000000000014 -3.46
1.4270000000000014 103.62
1.4290000000000012 -3.46
1.4310000000000014 -3.46
1.4320000000000013 -3.46
1.4340000000000013 93.75
1.4350000000000014 -3.45
1.4380000000000013 96.69
1.4390000000000014 95.74
1.4430000000000014 88.24
1.4450000000000012 -3.44
1.4480000000000013 -3.44
1.4510000000000014 -3.44
1.4530000000000012 88.24
1.4560000000000013 -3.43
1.4570000000000012 -3.43
1.4590000000000014 -3.43
1.4660000000000013 81.70
1.4690000000000012 -3.42
1.4700000000000013 -3.42
1.4720000000000013 -3.42
1.4750000000000014 -3.41
1.4810000000000012 -3.41
1.4820000000000013 -3.40
1.4890000000000012 -3.40
1.4920000000000013 -3.39
1.4930000000000012 -3.39
1.4950000000000014 66.21
1.4960000000000013 65.84
1.4980000000000013 73.65
