0.10600000000000001 0.00
0.10900000000000001 106.69
0.11300000000000002 103.97
0.11400000000000002 103.30
0.11500000000000002 102.64
0.11800000000000002 83.80
0.11900000000000002 100.07
0.12100000000000002 81.84
0.12300000000000003 81.84
0.12400000000000003 80.88
0.12600000000000003 197.67
0.13300000000000003 185.52
0.13700000000000004 74.56
0.14400000000000004 72.46
0.15100000000000005 68.85
0.15400000000000005 80.88
0.15600000000000006 0.00
0.16600000000000006 62.60
0.17500000000000007 132.79
0.18300000000000008 0.00
0.18700000000000008 0.00
0.1910000000000001 54.87
0.2020000000000001 0.00
0.2030000000000001 0.00
0.2080000000000001 106.00
0.2190000000000001 98.81
0.2210000000000001 0.00
0.22300000000000011 45.90
0.22800000000000012 0.00
0.23700000000000013 42.57
0.23800000000000013 42.34
0.23900000000000013 50.58
0.24100000000000013 0.00
0.24400000000000013 0.00
0.24500000000000013 49.23
0.2530000000000001 80.40
0.2570000000000001 37.62
0.2660000000000001 0.00
0.2680000000000001 35.45
0.28400000000000014 39.70
0.29500000000000015 0.00
0.29800000000000015 0.00
0.30100000000000016 0.00
0.30200000000000016 0.00
0.30700000000000016 59.24
0.31200000000000017 27.91
0.3200000000000002 26.70
0.3220000000000002 26.70
0.3330000000000002 30.30
0.3400000000000002 49.50
0.3480000000000002 27.91
0.3570000000000002 26.56
0.3580000000000002 26.41
0.3590000000000002 26.26
0.3610000000000002 21.22
0.3620000000000002 43.97
0.3630000000000002 25.69
0.3650000000000002 20.74
0.3660000000000002 25.26
0.3680000000000002 20.16
0.3690000000000002 24.71
0.3730000000000002 41.44
0.3750000000000002 19.25
0.3770000000000002 40.56
0.3780000000000002 40.34
0.38500000000000023 22.59
0.38600000000000023 22.46
0.39700000000000024 20.98
0.39800000000000024 20.86
0.40100000000000025 20.51
0.40200000000000025 16.33
0.40300000000000025 20.27
0.40400000000000025 20.16
0.41400000000000026 0.00
0.42500000000000027 14.03
0.4350000000000003 0.00
0.4360000000000003 29.48
0.4370000000000003 29.32
0.4380000000000003 29.16
0.4450000000000003 28.06
0.4480000000000003 27.60
0.4510000000000003 0.00
0.4570000000000003 26.26
0.4620000000000003 0.00
0.4650000000000003 0.00
0.4680000000000003 13.86
0.4690000000000003 13.77
0.4700000000000003 10.87
0.4750000000000003 23.76
0.4780000000000003 0.00
0.4820000000000003 22.84
0.4830000000000003 22.72
0.4840000000000003 22.59
0.4880000000000003 22.08
0.4920000000000003 21.59
0.49800000000000033 20.86
0.5000000000000003 11.31
0.5010000000000003 0.00
0.5020000000000003 8.56
0.5050000000000003 20.04
0.5060000000000003 0.00
0.5080000000000003 8.14
0.5090000000000003 10.59
0.5160000000000003 18.81
0.5280000000000004 6.91
0.5380000000000004 0.00
0.5430000000000004 16.04
0.5440000000000004 15.94
0.5450000000000004 15.85
0.5460000000000004 15.75
0.5490000000000004 15.47
0.5510000000000004 15.28
0.5520000000000004 15.19
0.5590000000000004 0.00
0.5610000000000004 0.00
0.5620000000000004 5.29
0.5630000000000004 5.24
0.5650000000000004 0.00
0.5670000000000004 13.86
0.5680000000000004 13.77
0.5690000000000004 13.69
0.5700000000000004 0.00
0.5710000000000004 13.52
0.5720000000000004 13.43
0.5740000000000004 13.27
0.5820000000000004 6.19
0.5830000000000004 12.53
0.5840000000000004 0.00
0.5890000000000004 5.80
0.5900000000000004 5.75
0.5910000000000004 4.17
0.5930000000000004 11.76
0.6000000000000004 11.23
0.6130000000000004 10.31
0.6140000000000004 0.00
0.6150000000000004 0.00
0.6190000000000004 0.00
0.6200000000000004 9.83
0.6210000000000004 9.77
0.6220000000000004 0.00
0.6230000000000004 9.63
0.6240000000000004 9.57
0.6250000000000004 0.00
0.6270000000000004 0.00
0.6310000000000004 9.12
0.6370000000000005 8.74
0.6400000000000005 2.34
0.6460000000000005 8.20
0.6600000000000005 2.70
0.6680000000000005 0.00
0.6690000000000005 2.38
0.6730000000000005 2.25
0.6890000000000005 5.90
0.6920000000000005 0.00
0.6980000000000005 1.48
0.6990000000000005 5.42
0.7000000000000005 1.40
0.7010000000000005 1.37
0.7020000000000005 1.35
0.7120000000000005 1.08
0.7140000000000005 4.76
0.7150000000000005 4.71
0.7250000000000005 4.30
0.7290000000000005 4.13
0.7360000000000005 3.86
0.7460000000000006 3.48
0.7470000000000006 3.44
0.7660000000000006 -0.17
0.7670000000000006 -0.19
0.7760000000000006 -0.35
0.7770000000000006 2.41
0.7780000000000006 -0.40
0.7950000000000006 1.85
0.7970000000000006 1.80
0.7980000000000006 1.77
0.8050000000000006 1.57
0.8540000000000006 0.00
0.8550000000000006 0.31
0.8570000000000007 0.00
0.8580000000000007 -1.65
0.8590000000000007 -1.66
0.8600000000000007 0.00
0.8710000000000007 0.00
0.8720000000000007 0.00
0.8730000000000007 0.00
0.8750000000000007 0.00
0.8760000000000007 -0.13
0.8820000000000007 -0.25
0.8890000000000007 -0.39
0.9070000000000007 0.00
0.9110000000000007 -0.78
0.9140000000000007 -2.31
0.9150000000000007 -2.52
0.9170000000000007 -0.88
0.9180000000000007 -0.90
0.9190000000000007 -0.91
0.9220000000000007 -0.96
0.9250000000000007 0.00
0.9260000000000007 0.00
0.9290000000000007 -2.62
0.9330000000000007 -2.48
0.9340000000000007 -2.48
0.9480000000000007 -2.75
0.9490000000000007 -1.37
0.9500000000000007 0.00
0.9570000000000007 -2.81
0.9580000000000007 -2.82
0.9630000000000007 -2.85
0.9710000000000008 -1.66
0.9900000000000008 -1.89
0.9910000000000008 0.00
0.9920000000000008 -3.01
0.9930000000000008 -3.02
0.9940000000000008 -3.02
0.9950000000000008 -3.03
0.9960000000000008 0.00
1.030000000000001 -2.30
1.0310000000000008 0.00
1.0370000000000008 -2.36
1.038000000000001 -3.21
1.040000000000001 -3.22
1.0410000000000008 -3.22
1.042000000000001 0.00
1.052000000000001 -2.49
1.0590000000000008 -3.28
1.062000000000001 -2.57
1.068000000000001 -3.31
1.0690000000000008 -2.62
1.0750000000000008 0.00
1.0990000000000009 -3.38
1.116000000000001 0.00
1.1170000000000009 0.00
1.123000000000001 -2.96
1.126000000000001 -3.43
1.1270000000000011 -3.43
1.134000000000001 -3.44
1.138000000000001 -3.44
1.1390000000000011 -3.44
1.140000000000001 0.00
1.142000000000001 0.00
1.144000000000001 0.00
1.145000000000001 0.00
1.146000000000001 -3.08
1.1470000000000011 -3.08
1.1510000000000011 -3.46
1.152000000000001 -3.46
1.154000000000001 -3.46
1.157000000000001 -3.46
1.168000000000001 -3.17
1.1710000000000012 -3.47
1.206000000000001 -3.29
1.2070000000000012 -3.30
1.209000000000001 -3.49
1.210000000000001 -3.49
1.2110000000000012 -3.49
1.212000000000001 -3.49
1.2150000000000012 -3.49
1.236000000000001 -3.48
1.240000000000001 -3.37
1.242000000000001 -3.48
1.244000000000001 -3.49
1.2520000000000011 -3.48
1.2540000000000011 -3.48
1.2550000000000012 -3.48
1.2560000000000011 -3.40
1.269000000000001 -3.42
1.2700000000000011 -3.48
1.2710000000000012 -3.43
1.281000000000001 -3.44
1.2840000000000011 -3.47
1.285000000000001 -3.47
1.2920000000000011 -3.45
1.309000000000001 -3.47
1.3120000000000012 -3.47
1.3150000000000013 -3.45
1.3160000000000012 -3.45
1.317000000000001 -3.47
1.3180000000000012 -3.47
1.3200000000000012 -3.47
1.321000000000001 -3.48
1.329000000000001 -3.48
1.3310000000000013 -3.48
1.3320000000000012 -3.48
1.3360000000000012 -3.43
1.3380000000000012 -3.43
1.3460000000000012 -3.48
1.3470000000000013 -3.48
1.349000000000001 -3.42
1.3500000000000012 -3.42
1.3510000000000013 -3.49
1.353000000000001 -3.49
1.3560000000000012 254.60
1.357000000000001 -3.41
1.3670000000000013 -3.49
1.3680000000000012 224.15
1.3710000000000013 -3.48
1.3750000000000013 -3.48
1.3760000000000012 -3.48
1.3780000000000012 -3.48
1.3810000000000011 0.00
1.3830000000000013 -3.48
1.3840000000000012 -3.48
1.3850000000000011 -3.48
1.3860000000000012 -3.48
1.3870000000000013 -3.48
1.3880000000000012 -3.48
1.3890000000000011 -3.48
1.3900000000000012 192.30
1.3910000000000013 -3.48
1.3920000000000012 -3.48
1.3930000000000011 -3.48
1.3940000000000012 -3.48
1.3950000000000014 -3.48
1.3960000000000012 -3.48
1.4000000000000012 176.06
1.4020000000000012 173.09
1.4040000000000012 170.20
1.4050000000000011 168.78
1.4060000000000012 167.38
1.4070000000000014 166.01
1.4090000000000011 -3.47
1.4110000000000014 -3.47
1.4120000000000013 -3.47
1.4140000000000013 -3.47
1.4150000000000014 155.61
1.4170000000000011 201.37
1.4230000000000014 146.23
1.4240000000000013 -3.46
1.4250000000000012 144.02
1.4260000000000013 140.81
1.4270000000000014 182.27
1.4280000000000013 180.68
1.4290000000000012 -3.46
1.4300000000000013 177.58
1.4310000000000014 -3.45
1.4320000000000013 133.75
1.4330000000000012 -3.45
1.4340000000000013 -3.45
1.4360000000000013 167.38
1.4380000000000013 129.02
1.4390000000000014 128.10
1.4400000000000013 127.20
1.4410000000000012 126.30
1.4430000000000014 123.68
1.4470000000000014 -3.44
1.4480000000000013 -3.44
1.4510000000000014 -3.44
1.4520000000000013 121.13
1.4550000000000014 115.49
1.4570000000000012 117.06
1.4580000000000013 0.00
1.4590000000000014 0.00
1.4600000000000013 114.71
1.4610000000000012 113.95
1.4630000000000014 -3.42
1.4640000000000013 110.95
1.4660000000000013 0.00
1.4690000000000012 108.09
1.4740000000000013 -3.41
1.4750000000000014 -3.41
1.4760000000000013 -3.41
1.4770000000000012 -3.41
1.4800000000000013 -3.40
1.4820000000000013 -3.40
1.4830000000000014 -3.40
1.4880000000000013 0.00
1.4890000000000012 0.00
1.4910000000000014 93.43
1.4960000000000013 -3.38
