0.1 160.74
0.10500000000000001 153.25
0.10600000000000001 241.15
0.10800000000000001 236.09
0.10900000000000001 233.63
0.11000000000000001 147.42
0.11100000000000002 146.30
0.11200000000000002 125.49
0.11300000000000002 144.09
0.11700000000000002 215.45
0.11800000000000002 138.80
0.11900000000000002 137.78
0.12100000000000002 117.93
0.12200000000000003 205.28
0.12300000000000003 116.34
0.12400000000000003 0.00
0.12900000000000003 192.36
0.13000000000000003 190.62
0.13900000000000004 0.00
0.14000000000000004 103.36
0.14100000000000004 102.70
0.14200000000000004 100.12
0.14400000000000004 100.12
0.14500000000000005 167.45
0.14600000000000005 97.64
0.15000000000000005 160.74
0.15100000000000005 109.57
0.15200000000000005 94.06
0.15300000000000005 108.15
0.15400000000000005 107.44
0.15500000000000005 106.75
0.15600000000000006 106.06
0.15700000000000006 91.22
0.16200000000000006 146.30
0.16300000000000006 88.50
0.16600000000000006 141.94
0.16900000000000007 97.03
0.17100000000000007 95.83
0.17200000000000007 95.24
0.17300000000000007 134.78
0.17400000000000007 82.38
0.17600000000000007 0.00
0.17700000000000007 80.94
0.17800000000000007 80.47
0.17900000000000008 0.00
0.18000000000000008 90.67
0.18300000000000008 78.16
0.18400000000000008 88.50
0.1920000000000001 73.36
0.1960000000000001 71.70
0.1970000000000001 71.70
0.1980000000000001 71.30
0.1990000000000001 70.89
0.2000000000000001 70.10
0.2100000000000001 75.06
0.2110000000000001 0.00
0.2150000000000001 64.09
0.2160000000000001 63.73
0.2170000000000001 100.12
0.2180000000000001 71.30
0.2190000000000001 70.89
0.2200000000000001 98.25
0.2210000000000001 97.64
0.22200000000000011 97.03
0.22300000000000011 61.31
0.22400000000000012 60.98
0.23200000000000012 58.04
0.23300000000000012 57.72
0.23400000000000012 57.41
0.23500000000000013 57.09
0.24300000000000013 61.31
0.24400000000000013 53.78
0.24500000000000013 53.49
0.24600000000000014 60.31
0.24900000000000014 0.00
0.2530000000000001 58.04
0.2600000000000001 77.25
0.2670000000000001 0.00
0.27200000000000013 52.63
0.27500000000000013 70.89
0.27700000000000014 51.22
0.28000000000000014 68.92
0.28200000000000014 49.86
0.28500000000000014 67.01
0.28600000000000014 48.80
0.28700000000000014 0.00
0.28900000000000015 65.53
0.29000000000000015 65.17
0.29100000000000015 64.80
0.29200000000000015 47.25
0.29400000000000015 63.73
0.29600000000000015 46.25
0.30200000000000016 39.38
0.30300000000000016 39.17
0.30800000000000016 38.34
0.31800000000000017 36.14
0.3190000000000002 35.95
0.3210000000000002 35.57
0.3220000000000002 54.66
0.3230000000000002 35.19
0.3240000000000002 35.00
0.3280000000000002 39.38
0.3290000000000002 39.17
0.3300000000000002 38.96
0.3320000000000002 33.52
0.3330000000000002 33.34
0.3340000000000002 33.16
0.3350000000000002 32.98
0.3360000000000002 50.67
0.3380000000000002 0.00
0.3530000000000002 46.25
0.3560000000000002 0.00
0.3570000000000002 0.00
0.3580000000000002 32.81
0.3600000000000002 0.00
0.3640000000000002 43.60
0.3670000000000002 42.90
0.3690000000000002 26.68
0.3700000000000002 30.41
0.3710000000000002 41.99
0.3790000000000002 28.96
0.3800000000000002 25.53
0.3810000000000002 25.39
0.38200000000000023 25.25
0.38300000000000023 28.34
0.38400000000000023 28.18
0.38600000000000023 27.87
0.38800000000000023 27.42
0.39200000000000024 37.53
0.39500000000000024 36.93
0.39600000000000024 36.73
0.39900000000000024 0.00
0.40300000000000025 35.38
0.40700000000000025 24.69
0.41400000000000026 33.34
0.41800000000000026 32.63
0.42600000000000027 19.03
0.42700000000000027 19.26
0.42800000000000027 21.95
0.42900000000000027 21.83
0.43100000000000027 18.49
0.4320000000000003 30.25
0.4330000000000003 30.08
0.4350000000000003 17.96
0.4380000000000003 17.65
0.4390000000000003 0.00
0.4420000000000003 20.28
0.4560000000000003 0.00
0.4670000000000003 14.49
0.4680000000000003 24.83
0.4690000000000003 14.31
0.4900000000000003 12.56
0.4910000000000003 12.48
0.4940000000000003 12.24
0.49900000000000033 12.32
0.5060000000000003 20.05
0.5120000000000003 13.12
0.5250000000000004 0.00
0.5490000000000004 15.58
0.5500000000000004 8.22
0.5550000000000004 7.47
0.5580000000000004 7.76
0.5600000000000004 14.58
0.5630000000000004 14.31
0.5640000000000004 14.22
0.5700000000000004 13.71
0.5710000000000004 13.62
0.5770000000000004 6.82
0.5800000000000004 6.26
0.5860000000000004 12.40
0.5880000000000004 12.24
0.5890000000000004 7.99
0.5960000000000004 0.00
0.5970000000000004 0.00
0.6090000000000004 0.00
0.6110000000000004 10.54
0.6120000000000004 5.17
0.6130000000000004 5.12
0.6140000000000004 5.08
0.6170000000000004 4.95
0.6260000000000004 4.56
0.6300000000000004 4.39
0.6350000000000005 8.95
0.6360000000000005 8.89
0.6400000000000005 5.35
0.6410000000000005 8.58
0.6420000000000005 3.64
0.6440000000000005 8.40
0.6450000000000005 5.12
0.6520000000000005 0.00
0.6540000000000005 3.46
0.6590000000000005 4.60
0.6680000000000005 0.00
0.6700000000000005 2.68
0.6710000000000005 0.00
0.6720000000000005 4.07
0.6770000000000005 6.56
0.6780000000000005 0.00
0.6840000000000005 3.57
0.6860000000000005 0.00
0.6870000000000005 0.00
0.6880000000000005 0.00
0.6930000000000005 0.00
0.6940000000000005 5.72
0.6960000000000005 5.63
0.6970000000000005 5.58
0.7020000000000005 5.35
0.7080000000000005 1.49
0.7090000000000005 1.47
0.7110000000000005 4.95
0.7120000000000005 4.90
0.7180000000000005 4.64
0.7280000000000005 1.12
0.7440000000000005 3.60
0.7900000000000006 0.00
0.7920000000000006 0.00
0.7940000000000006 -0.34
0.7950000000000006 -0.35
0.7970000000000006 -0.39
0.7990000000000006 0.00
0.8000000000000006 0.00
0.8040000000000006 -0.52
0.8050000000000006 1.61
0.8060000000000006 1.58
0.8070000000000006 -0.58
0.8080000000000006 0.00
0.8090000000000006 0.00
0.8130000000000006 1.38
0.8140000000000006 1.36
0.8150000000000006 0.00
0.8160000000000006 -0.73
0.8170000000000006 0.00
0.8230000000000006 0.00
0.8250000000000006 -0.90
0.8490000000000006 0.48
0.8520000000000006 0.41
0.8530000000000006 0.00
0.8620000000000007 -1.45
0.8650000000000007 0.00
0.8660000000000007 0.11
0.8690000000000007 0.00
0.8710000000000007 -1.57
0.8720000000000007 0.00
0.8730000000000007 0.00
0.8750000000000007 -0.08
0.8760000000000007 -0.10
0.8770000000000007 0.00
0.8830000000000007 -1.72
0.8860000000000007 0.00
0.8870000000000007 0.00
0.8880000000000007 -1.78
0.8890000000000007 0.00
0.8900000000000007 -0.37
0.8920000000000007 0.00
0.8950000000000007 -0.47
0.9130000000000007 -0.78
0.9140000000000007 0.00
0.9170000000000007 -2.10
0.9250000000000007 0.00
0.9260000000000007 -1.00
0.9270000000000007 0.00
0.9400000000000007 0.00
0.9620000000000007 -2.51
0.9650000000000007 -1.56
0.9660000000000007 0.00
0.9700000000000008 0.00
0.9730000000000008 0.00
0.9740000000000008 -1.67
0.9750000000000008 -2.61
0.9780000000000008 0.00
0.9850000000000008 0.00
0.9880000000000008 -2.70
1.0010000000000008 0.00
1.006000000000001 -2.81
1.0110000000000008 -2.84
1.0270000000000008 -2.25
1.028000000000001 -2.26
1.0290000000000008 -2.94
1.0350000000000008 -2.32
1.036000000000001 0.00
1.0370000000000008 -2.98
1.040000000000001 0.00
1.0410000000000008 0.00
1.042000000000001 -3.01
1.0430000000000008 0.00
1.044000000000001 0.00
1.046000000000001 -3.03
1.0470000000000008 -2.43
1.048000000000001 -3.04
1.050000000000001 0.00
1.052000000000001 0.00
1.054000000000001 -2.48
1.056000000000001 0.00
1.0630000000000008 -2.55
1.064000000000001 -3.11
1.066000000000001 0.00
1.0770000000000008 -2.66
1.0910000000000009 -2.75
1.0930000000000009 0.00
1.094000000000001 0.00
1.0950000000000009 -2.78
1.102000000000001 0.00
1.115000000000001 -2.90
1.1170000000000009 -2.91
1.126000000000001 0.00
1.1270000000000011 0.00
1.128000000000001 0.00
1.141000000000001 -3.03
1.1510000000000011 0.00
1.1670000000000011 -3.14
1.168000000000001 -3.15
1.198000000000001 -3.40
1.217000000000001 -3.46
1.2190000000000012 -3.46
1.221000000000001 -3.31
1.226000000000001 -3.47
1.2270000000000012 -3.47
1.229000000000001 -3.44
1.230000000000001 -3.47
1.238000000000001 -3.47
1.2390000000000012 -3.35
1.240000000000001 -3.36
1.2560000000000011 -3.39
1.261000000000001 -3.47
1.2620000000000011 -3.47
1.273000000000001 0.00
1.2740000000000011 -3.42
1.285000000000001 -3.43
1.2860000000000011 -3.43
1.2870000000000013 -3.47
1.2880000000000011 -3.43
1.289000000000001 -3.47
1.2920000000000011 -3.46
1.3040000000000012 -3.45
1.305000000000001 -3.46
1.3060000000000012 -3.46
1.349000000000001 -3.47
1.3500000000000012 -3.47
1.3520000000000012 -3.42
1.353000000000001 -3.42
1.3630000000000013 -3.41
1.365000000000001 -3.47
1.3660000000000012 -3.47
1.3700000000000012 -3.47
1.3710000000000013 -3.40
1.3740000000000012 -3.40
1.3790000000000013 -3.47
1.3830000000000013 -3.39
1.3840000000000012 -3.47
1.3850000000000011 -3.47
1.3920000000000012 -3.47
1.3940000000000012 -3.47
1.3950000000000014 -3.46
1.3980000000000012 -3.46
1.3990000000000014 257.50
1.4030000000000014 -3.41
1.4100000000000013 0.00
1.4140000000000013 -3.46
1.4150000000000014 -3.45
1.4190000000000014 0.00
1.4210000000000012 -3.46
1.4230000000000014 -3.45
1.4240000000000013 -3.38
1.4280000000000013 -3.38
1.4310000000000014 -3.44
1.4320000000000013 -3.44
1.4340000000000013 -3.44
1.4370000000000012 -3.44
1.4400000000000013 -3.44
1.4410000000000012 -3.44
1.4420000000000013 168.81
1.4440000000000013 166.04
1.4470000000000014 -3.43
1.4490000000000012 173.12
1.4500000000000013 -3.43
1.4520000000000013 -3.43
1.4570000000000012 150.84
1.4600000000000013 201.40
1.4620000000000013 0.00
1.4630000000000014 -3.41
1.4640000000000013 -3.41
1.4650000000000012 0.00
1.4670000000000014 -3.41
1.4680000000000013 187.20
1.4710000000000014 -3.40
1.4770000000000012 139.80
1.4790000000000014 -3.40
1.4800000000000013 126.34
1.4810000000000012 125.49
1.4870000000000014 -3.39
1.4890000000000012 -3.38
1.4910000000000014 -3.38
1.4940000000000013 125.45
1.4950000000000014 124.58
