0.1 257.41
0.101 254.55
0.10200000000000001 251.74
0.10500000000000001 243.63
0.11100000000000002 94.01
0.11300000000000002 224.10
0.11400000000000002 92.30
0.11800000000000002 73.75
0.11900000000000002 73.33
0.12100000000000002 207.13
0.12200000000000003 205.16
0.12400000000000003 201.33
0.12500000000000003 199.45
0.12600000000000003 197.61
0.13000000000000003 190.51
0.13200000000000003 81.38
0.13300000000000003 80.90
0.13700000000000004 179.08
0.13800000000000004 177.54
0.13900000000000004 77.67
0.14000000000000004 174.53
0.14100000000000004 76.78
0.14400000000000004 168.74
0.14600000000000005 165.97
0.14700000000000005 164.61
0.14800000000000005 163.27
0.14900000000000005 161.95
0.15100000000000005 59.63
0.15200000000000005 158.08
0.15300000000000005 156.82
0.15500000000000005 154.36
0.15600000000000006 153.15
0.15800000000000006 57.39
0.17500000000000007 132.75
0.17600000000000007 52.04
0.17800000000000007 51.20
0.17900000000000008 50.93
0.18000000000000008 50.65
0.18600000000000008 56.76
0.18800000000000008 58.02
0.18900000000000008 57.70
0.19000000000000009 55.54
0.1940000000000001 116.27
0.1950000000000001 115.49
0.1960000000000001 114.71
0.1970000000000001 46.23
0.1980000000000001 113.19
0.1990000000000001 45.73
0.2030000000000001 109.51
0.2040000000000001 108.79
0.2070000000000001 51.76
0.2080000000000001 50.11
0.2090000000000001 49.84
0.2110000000000001 49.31
0.2120000000000001 49.04
0.2140000000000001 49.84
0.2190000000000001 98.81
0.2200000000000001 98.19
0.2210000000000001 97.58
0.22400000000000012 45.98
0.22500000000000012 95.18
0.22600000000000012 94.60
0.22800000000000012 93.44
0.22900000000000012 44.76
0.23000000000000012 44.52
0.23100000000000012 44.28
0.23200000000000012 91.17
0.23400000000000012 90.07
0.23500000000000013 89.53
0.23600000000000013 43.11
0.24000000000000013 86.87
0.24100000000000013 86.35
0.24200000000000013 85.84
0.24300000000000013 85.33
0.24500000000000013 84.32
0.24800000000000014 82.83
0.24900000000000014 82.34
0.2500000000000001 81.86
0.2510000000000001 81.38
0.2520000000000001 80.90
0.2530000000000001 34.22
0.2540000000000001 79.96
0.2560000000000001 38.72
0.2570000000000001 38.52
0.2600000000000001 32.95
0.2610000000000001 32.77
0.2630000000000001 75.89
0.2640000000000001 32.42
0.2650000000000001 75.03
0.2670000000000001 31.89
0.27000000000000013 37.30
0.27100000000000013 37.10
0.27300000000000013 71.68
0.27500000000000013 30.53
0.27700000000000014 0.00
0.28100000000000014 68.51
0.28200000000000014 29.55
0.28400000000000014 67.36
0.28500000000000014 66.99
0.28600000000000014 28.91
0.28700000000000014 28.75
0.28800000000000014 65.87
0.28900000000000015 28.44
0.29000000000000015 28.29
0.29100000000000015 64.78
0.29200000000000015 64.42
0.29300000000000015 64.06
0.29400000000000015 63.71
0.29500000000000015 63.36
0.29600000000000015 63.01
0.29700000000000015 62.66
0.29900000000000015 0.00
0.30000000000000016 31.72
0.30100000000000016 61.29
0.30300000000000016 60.62
0.30500000000000016 59.96
0.30700000000000016 30.53
0.30800000000000016 30.37
0.31000000000000016 58.34
0.31100000000000017 58.02
0.31400000000000017 57.07
0.31500000000000017 29.39
0.31600000000000017 29.23
0.31700000000000017 0.00
0.31800000000000017 55.84
0.3190000000000002 55.54
0.3210000000000002 28.44
0.3220000000000002 28.29
0.3240000000000002 54.05
0.3260000000000002 53.47
0.3270000000000002 53.18
0.3280000000000002 52.89
0.3290000000000002 52.61
0.3300000000000002 52.32
0.3320000000000002 51.76
0.3330000000000002 51.48
0.3340000000000002 51.20
0.3360000000000002 50.65
0.3370000000000002 25.47
0.3380000000000002 0.00
0.3390000000000002 25.19
0.3400000000000002 25.05
0.3420000000000002 49.04
0.3430000000000002 48.78
0.3460000000000002 48.00
0.3480000000000002 47.48
0.3500000000000002 46.98
0.3510000000000002 46.72
0.3520000000000002 46.47
0.3530000000000002 46.23
0.3540000000000002 45.98
0.3550000000000002 45.73
0.3570000000000002 45.24
0.3580000000000002 45.00
0.3590000000000002 44.76
0.3600000000000002 44.52
0.3610000000000002 44.28
0.3640000000000002 43.58
0.3650000000000002 21.89
0.3660000000000002 21.76
0.3670000000000002 21.64
0.3680000000000002 21.51
0.3690000000000002 21.39
0.3700000000000002 21.27
0.3710000000000002 21.15
0.3720000000000002 41.75
0.3730000000000002 41.52
0.3740000000000002 41.30
0.3750000000000002 41.08
0.3780000000000002 40.42
0.3790000000000002 40.21
0.3800000000000002 39.99
0.3810000000000002 39.78
0.38200000000000023 39.57
0.38400000000000023 39.14
0.38800000000000023 38.31
0.38900000000000023 38.11
0.39500000000000024 36.90
0.39700000000000024 36.50
0.39800000000000024 36.31
0.39900000000000024 36.11
0.40000000000000024 35.92
0.40100000000000025 35.72
0.40200000000000025 35.53
0.40300000000000025 35.34
0.40500000000000025 34.96
0.40600000000000025 34.77
0.40800000000000025 34.40
0.40900000000000025 34.22
0.41200000000000025 33.67
0.41400000000000026 33.30
0.41500000000000026 33.12
0.41600000000000026 32.95
0.41700000000000026 32.77
0.41800000000000026 32.59
0.41900000000000026 32.42
0.42100000000000026 13.19
0.42300000000000026 31.72
0.42600000000000027 31.21
0.42700000000000027 31.04
0.42800000000000027 30.87
0.43000000000000027 30.53
0.43100000000000027 30.37
0.4320000000000003 30.20
0.4330000000000003 30.04
0.4340000000000003 29.88
0.4350000000000003 29.71
0.4370000000000003 29.39
0.4400000000000003 28.91
0.4410000000000003 28.75
0.4440000000000003 28.29
0.4450000000000003 28.13
0.4460000000000003 13.27
0.4490000000000003 27.52
0.4510000000000003 13.19
0.4550000000000003 0.00
0.4590000000000003 26.04
0.4610000000000003 25.75
0.4630000000000003 25.47
0.4670000000000003 24.91
0.4700000000000003 24.49
0.4710000000000003 24.36
0.4720000000000003 24.22
0.4730000000000003 24.09
0.4740000000000003 23.95
0.4750000000000003 23.82
0.4760000000000003 23.69
0.4770000000000003 23.55
0.4780000000000003 23.42
0.4800000000000003 23.16
0.4810000000000003 23.03
0.4820000000000003 22.90
0.4880000000000003 22.14
0.4890000000000003 22.01
0.4900000000000003 21.89
0.4910000000000003 21.76
0.4920000000000003 21.64
0.4930000000000003 21.51
0.4940000000000003 21.39
0.49700000000000033 21.03
0.49900000000000033 20.79
0.5010000000000003 20.55
0.5020000000000003 20.44
0.5030000000000003 20.32
0.5040000000000003 7.30
0.5050000000000003 20.09
0.5060000000000003 19.97
0.5080000000000003 19.74
0.5090000000000003 7.03
0.5110000000000003 19.40
0.5150000000000003 18.96
0.5160000000000003 6.60
0.5170000000000003 6.55
0.5220000000000004 18.20
0.5230000000000004 18.09
0.5240000000000004 17.98
0.5250000000000004 17.88
0.5260000000000004 6.19
0.5270000000000004 6.14
0.5280000000000004 6.09
0.5290000000000004 17.46
0.5300000000000004 5.99
0.5320000000000004 5.89
0.5330000000000004 17.05
0.5340000000000004 16.95
0.5350000000000004 16.85
0.5370000000000004 0.00
0.5390000000000004 16.45
0.5400000000000004 16.35
0.5420000000000004 0.00
0.5450000000000004 6.55
0.5500000000000004 4.91
0.5510000000000004 4.87
0.5530000000000004 4.78
0.5550000000000004 6.34
0.5570000000000004 4.65
0.5580000000000004 4.61
0.5590000000000004 4.56
0.5630000000000004 4.44
0.5680000000000004 0.00
0.5690000000000004 5.46
0.5710000000000004 13.52
0.5720000000000004 13.44
0.5730000000000004 13.35
0.5750000000000004 13.19
0.5770000000000004 5.14
0.5790000000000004 12.86
0.5800000000000004 12.78
0.5810000000000004 12.70
0.5830000000000004 12.53
0.5840000000000004 12.45
0.5860000000000004 12.30
0.5870000000000004 12.22
0.5880000000000004 12.14
0.5890000000000004 3.52
0.5900000000000004 3.48
0.5910000000000004 3.44
0.5920000000000004 11.83
0.5930000000000004 3.37
0.5980000000000004 11.37
0.5990000000000004 3.18
0.6000000000000004 11.23
0.6020000000000004 11.08
0.6030000000000004 11.01
0.6040000000000004 10.93
0.6050000000000004 10.86
0.6060000000000004 10.79
0.6070000000000004 10.72
0.6090000000000004 0.00
0.6100000000000004 3.90
0.6110000000000004 0.00
0.6120000000000004 3.83
0.6160000000000004 3.67
0.6180000000000004 3.37
0.6200000000000004 3.52
0.6210000000000004 3.26
0.6220000000000004 9.68
0.6260000000000004 9.42
0.6270000000000004 9.35
0.6280000000000004 9.29
0.6290000000000004 9.22
0.6300000000000004 9.16
0.6310000000000004 9.09
0.6320000000000005 9.03
0.6360000000000005 1.92
0.6400000000000005 8.53
0.6420000000000005 1.71
0.6430000000000005 1.68
0.6440000000000005 1.65
0.6450000000000005 1.62
0.6460000000000005 1.59
0.6470000000000005 0.00
0.6500000000000005 2.36
0.6520000000000005 1.42
0.6530000000000005 1.39
0.6550000000000005 2.20
0.6560000000000005 2.17
0.6570000000000005 2.13
0.6580000000000005 2.10
0.6630000000000005 1.95
0.6640000000000005 1.92
0.6680000000000005 6.92
0.6690000000000005 6.87
0.6700000000000005 1.77
0.6710000000000005 1.74
0.6720000000000005 1.71
0.6730000000000005 6.65
0.6740000000000005 6.60
0.6760000000000005 6.50
0.6820000000000005 1.42
0.6840000000000005 6.09
0.6860000000000005 1.34
0.6880000000000005 1.28
0.6910000000000005 1.17
0.6930000000000005 5.65
0.7030000000000005 0.91
0.7050000000000005 5.09
0.7060000000000005 5.05
0.7080000000000005 0.81
0.7110000000000005 4.82
0.7120000000000005 4.78
0.7130000000000005 4.74
0.7140000000000005 4.69
0.7150000000000005 4.65
0.7160000000000005 4.61
0.7170000000000005 4.56
0.7190000000000005 4.48
0.7200000000000005 4.44
0.7220000000000005 4.35
0.7230000000000005 4.31
0.7240000000000005 4.27
0.7250000000000005 4.23
0.7280000000000005 4.11
0.7300000000000005 4.02
0.7320000000000005 3.94
0.7330000000000005 3.90
0.7370000000000005 3.75
0.7380000000000005 0.06
0.7390000000000005 -0.01
0.7400000000000005 0.02
0.7410000000000005 -0.01
0.7430000000000005 -0.05
0.7440000000000005 -0.07
0.7450000000000006 -0.13
0.7500000000000006 -0.19
0.7510000000000006 -0.21
0.7570000000000006 -0.85
0.7580000000000006 -0.87
0.7610000000000006 -0.92
0.7660000000000006 2.69
0.7670000000000006 2.66
0.7680000000000006 2.62
0.7700000000000006 2.56
0.7710000000000006 2.52
0.7720000000000006 2.49
0.7730000000000006 2.46
0.7750000000000006 -0.69
0.7770000000000006 2.33
0.7790000000000006 2.26
0.7820000000000006 2.17
0.7860000000000006 2.04
0.7920000000000006 -0.99
0.7960000000000006 1.74
0.7970000000000006 -1.12
0.7990000000000006 -1.15
0.8000000000000006 1.62
0.8010000000000006 -1.18
0.8020000000000006 -1.56
0.8030000000000006 -1.21
0.8050000000000006 -1.17
0.8080000000000006 -1.31
0.8100000000000006 1.34
0.8140000000000006 1.23
0.8150000000000006 1.20
0.8160000000000006 -1.34
0.8170000000000006 -1.35
0.8190000000000006 1.09
0.8200000000000006 1.07
0.8240000000000006 0.96
0.8310000000000006 -1.54
0.8320000000000006 -1.96
0.8330000000000006 -1.56
0.8370000000000006 0.63
0.8390000000000006 -1.65
0.8420000000000006 -1.68
0.8430000000000006 -1.70
0.8450000000000006 -1.72
0.8460000000000006 -1.74
0.8470000000000006 -1.75
0.8530000000000006 0.26
0.8550000000000006 0.21
0.8560000000000006 0.19
0.8570000000000007 0.17
0.8580000000000007 0.15
0.8590000000000007 0.12
0.8630000000000007 0.04
0.8680000000000007 -2.10
0.8700000000000007 -0.11
0.8710000000000007 -0.13
0.8720000000000007 -2.15
0.8740000000000007 -2.17
0.8760000000000007 -2.19
0.8770000000000007 -0.26
0.8780000000000007 -2.21
0.8790000000000007 -2.22
0.8820000000000007 -2.25
0.8830000000000007 -0.37
0.8840000000000007 -2.50
0.8890000000000007 -2.25
0.8970000000000007 -2.62
0.8980000000000007 -0.66
0.9000000000000007 -2.43
0.9010000000000007 -2.43
0.9020000000000007 -2.44
0.9030000000000007 -2.45
0.9040000000000007 -2.46
0.9050000000000007 -2.47
0.9060000000000007 -0.80
0.9080000000000007 -2.50
0.9090000000000007 0.00
0.9110000000000007 -0.89
0.9120000000000007 -2.73
0.9140000000000007 -2.75
0.9160000000000007 -2.56
0.9180000000000007 -2.57
0.9210000000000007 -1.05
0.9220000000000007 -1.07
0.9250000000000007 -1.12
0.9260000000000007 -1.14
0.9270000000000007 -1.15
0.9350000000000007 -1.27
0.9360000000000007 -1.29
0.9370000000000007 -1.31
0.9400000000000007 -1.35
0.9410000000000007 -1.36
0.9420000000000007 -1.38
0.9440000000000007 -1.41
0.9450000000000007 -1.42
0.9460000000000007 -1.44
0.9480000000000007 -2.81
0.9500000000000007 -1.49
0.9510000000000007 -2.83
0.9520000000000007 -2.84
0.9530000000000007 -2.84
0.9550000000000007 -1.56
0.9560000000000007 -2.86
0.9570000000000007 -2.87
0.9580000000000007 -1.60
0.9600000000000007 -1.63
0.9610000000000007 -1.65
0.9630000000000007 -2.90
0.9640000000000007 -2.91
0.9650000000000007 -2.92
0.9690000000000007 -1.75
0.9700000000000008 -1.76
0.9720000000000008 -1.79
0.9740000000000008 -2.97
0.9750000000000008 -2.98
0.9760000000000008 -2.98
0.9770000000000008 -2.99
0.9800000000000008 -3.01
0.9810000000000008 -3.01
0.9820000000000008 -3.02
0.9850000000000008 -2.99
0.9870000000000008 -3.00
0.9890000000000008 -3.01
0.9910000000000008 -3.07
0.9920000000000008 -3.07
0.9930000000000008 -3.03
0.9940000000000008 -3.04
0.9950000000000008 -3.05
0.9970000000000008 -2.08
0.9990000000000008 -3.07
1.0000000000000009 -3.24
1.0010000000000008 -3.08
1.002000000000001 -3.25
1.0030000000000008 -3.09
1.004000000000001 -3.26
1.008000000000001 -2.20
1.0090000000000008 -2.21
1.0130000000000008 -3.29
1.0150000000000008 -2.27
1.016000000000001 -2.28
1.0170000000000008 -2.29
1.018000000000001 -2.30
1.0190000000000008 -2.31
1.0210000000000008 -2.33
1.0230000000000008 -2.35
1.024000000000001 -2.36
1.026000000000001 -2.38
1.028000000000001 -2.40
1.030000000000001 -2.42
1.0310000000000008 -2.43
1.0330000000000008 -2.44
1.034000000000001 -2.45
1.0350000000000008 -2.46
1.036000000000001 -2.47
1.0370000000000008 -2.48
1.038000000000001 -2.49
1.0390000000000008 -2.50
1.040000000000001 -2.51
1.0410000000000008 -2.51
1.042000000000001 -2.52
1.0430000000000008 -2.53
1.044000000000001 -2.54
1.0450000000000008 -2.55
1.046000000000001 -2.56
1.0470000000000008 -2.57
1.0490000000000008 -2.58
1.050000000000001 -2.59
1.0510000000000008 -2.60
1.052000000000001 -2.61
1.058000000000001 -3.35
1.0590000000000008 -2.66
1.0610000000000008 -3.34
1.062000000000001 -2.69
1.064000000000001 -3.37
1.0650000000000008 -3.37
1.0670000000000008 -2.72
1.080000000000001 -3.41
1.082000000000001 -3.40
1.0830000000000009 -3.40
1.084000000000001 -3.43
1.0850000000000009 -3.43
1.086000000000001 -3.41
1.088000000000001 -3.50
1.0890000000000009 -3.42
1.090000000000001 -3.42
1.0910000000000009 -3.44
1.092000000000001 -3.43
1.0950000000000009 -3.45
1.096000000000001 -2.92
1.0970000000000009 -2.93
1.098000000000001 -2.94
1.0990000000000009 -2.94
1.100000000000001 -2.95
1.1010000000000009 -3.45
1.102000000000001 -3.45
1.103000000000001 -3.45
1.104000000000001 -3.46
1.107000000000001 -3.48
1.108000000000001 -3.48
1.110000000000001 -3.47
1.111000000000001 -3.01
1.112000000000001 -3.49
1.1130000000000009 -3.02
1.114000000000001 -3.03
1.118000000000001 -3.05
1.119000000000001 -3.06
1.120000000000001 -3.06
1.1210000000000009 -3.07
1.122000000000001 -3.07
1.123000000000001 -3.08
1.124000000000001 -3.08
1.1250000000000009 -3.09
1.126000000000001 -3.09
1.128000000000001 -3.10
1.129000000000001 -3.11
1.1310000000000011 -3.12
1.132000000000001 -3.12
1.136000000000001 -3.57
1.1390000000000011 -3.57
1.142000000000001 -3.57
1.1430000000000011 -3.57
1.144000000000001 -3.18
1.145000000000001 -3.19
1.146000000000001 -3.19
1.148000000000001 -3.20
1.149000000000001 -3.58
1.1510000000000011 -3.58
1.152000000000001 -3.58
1.153000000000001 -3.22
1.154000000000001 -3.23
1.1550000000000011 -3.58
1.156000000000001 -3.58
1.157000000000001 -3.24
1.158000000000001 -3.24
1.160000000000001 -3.25
1.161000000000001 -3.25
1.162000000000001 -3.26
1.1630000000000011 0.00
1.164000000000001 0.00
1.165000000000001 -3.27
1.1670000000000011 -3.28
1.168000000000001 -3.28
1.169000000000001 -3.29
1.170000000000001 -3.29
1.1710000000000012 -3.29
1.172000000000001 -3.30
1.180000000000001 -3.57
1.182000000000001 -3.33
1.1830000000000012 -3.34
1.184000000000001 -3.58
1.185000000000001 -3.34
1.186000000000001 -3.58
1.188000000000001 -3.58
1.189000000000001 -3.58
1.190000000000001 -3.58
1.1910000000000012 -3.58
1.193000000000001 -3.37
1.194000000000001 -3.37
1.1950000000000012 -3.37
1.197000000000001 -3.38
1.198000000000001 -3.38
1.1990000000000012 -3.39
1.201000000000001 -3.39
1.2030000000000012 -3.59
1.205000000000001 -3.40
1.206000000000001 -3.41
1.2070000000000012 -3.41
1.208000000000001 -3.41
1.209000000000001 -3.41
1.210000000000001 -3.42
1.2110000000000012 -3.42
1.212000000000001 -3.42
1.213000000000001 -3.43
1.214000000000001 -3.43
1.216000000000001 -3.43
1.217000000000001 -3.44
1.2190000000000012 -3.44
1.2230000000000012 -3.45
1.224000000000001 -3.59
1.225000000000001 -3.59
1.226000000000001 -3.46
1.2270000000000012 -3.46
1.228000000000001 -3.46
1.229000000000001 -3.46
1.2310000000000012 -3.47
1.234000000000001 -3.59
1.2350000000000012 -3.59
1.236000000000001 -3.59
1.237000000000001 -3.59
1.238000000000001 -3.48
1.240000000000001 -3.49
1.2430000000000012 -3.59
1.245000000000001 -3.50
1.2470000000000012 -3.50
1.248000000000001 -3.50
1.250000000000001 -3.51
1.2520000000000011 -3.51
1.2540000000000011 -3.51
1.2560000000000011 -3.52
1.257000000000001 -3.52
1.265000000000001 -3.53
1.2660000000000011 -3.53
1.2670000000000012 -3.57
1.2760000000000011 -3.55
1.277000000000001 -3.58
1.2780000000000011 -3.58
1.2790000000000012 -3.55
1.281000000000001 -3.58
1.2820000000000011 -3.58
1.2840000000000011 -3.56
1.285000000000001 -3.58
1.2860000000000011 -3.56
1.2880000000000011 -3.56
1.289000000000001 -3.56
1.2900000000000011 -3.56
1.2920000000000011 -3.56
1.293000000000001 -3.56
1.2950000000000013 -3.57
1.2960000000000012 -3.57
1.2980000000000012 -3.54
1.3030000000000013 -3.57
1.3040000000000012 -3.57
1.305000000000001 -3.58
1.309000000000001 -3.58
1.3110000000000013 0.00
1.3120000000000012 -3.58
1.317000000000001 -3.58
1.3180000000000012 -3.58
1.3190000000000013 -3.55
1.3200000000000012 -3.58
1.321000000000001 -3.59
1.3220000000000012 -3.55
1.3240000000000012 -3.59
1.3260000000000012 -3.54
1.3270000000000013 -3.59
1.3280000000000012 -3.54
1.329000000000001 -3.54
1.3300000000000012 -3.54
1.3310000000000013 -3.54
1.333000000000001 -3.59
1.3340000000000012 -3.59
1.3350000000000013 -3.54
1.3360000000000012 -3.53
1.337000000000001 -3.59
1.3380000000000012 -3.53
1.3390000000000013 -3.53
1.3400000000000012 -3.59
1.3430000000000013 -3.59
1.3470000000000013 -3.59
1.349000000000001 0.00
1.3510000000000013 -3.59
1.3520000000000012 -3.59
1.3540000000000012 -3.52
1.3550000000000013 -3.59
1.3560000000000012 -3.51
1.361000000000001 -3.59
1.3620000000000012 -3.59
1.3640000000000012 -3.59
1.3680000000000012 0.00
1.369000000000001 -3.59
1.3700000000000012 -3.59
1.3720000000000012 -3.59
1.373000000000001 -3.59
1.3740000000000012 -3.59
1.3750000000000013 -3.59
1.3760000000000012 -3.59
1.3770000000000011 -3.59
1.3780000000000012 -3.59
1.3790000000000013 -3.59
1.3800000000000012 -3.59
1.3810000000000011 182.23
1.3840000000000012 0.00
1.3850000000000011 174.50
1.3870000000000013 -3.59
1.3880000000000012 -3.59
1.3890000000000011 -3.59
1.3940000000000012 -3.58
1.3960000000000012 224.07
1.3970000000000011 -3.58
1.3990000000000014 -3.58
1.4000000000000012 -3.58
1.4010000000000011 -3.58
1.4030000000000014 211.14
1.4040000000000012 213.23
1.4050000000000011 -3.58
1.4060000000000012 209.10
1.4070000000000014 207.13
1.4090000000000011 -3.58
1.4100000000000013 -3.58
1.4110000000000014 -3.57
1.4120000000000013 -3.57
1.4130000000000011 -3.57
1.4140000000000013 -3.57
1.4150000000000014 -3.57
1.4190000000000014 185.44
1.4200000000000013 -3.57
1.4210000000000012 -3.57
1.4220000000000013 -3.57
1.4230000000000014 -3.57
1.4260000000000013 -3.56
1.4270000000000014 -3.56
1.4280000000000013 171.57
1.4300000000000013 168.72
1.4310000000000014 167.33
1.4330000000000012 -3.56
1.4350000000000014 163.25
1.4360000000000013 -3.56
1.4370000000000012 164.59
1.4380000000000013 -3.55
1.4400000000000013 -3.55
1.4410000000000012 -3.55
1.4450000000000012 -3.55
1.4460000000000013 0.00
1.4510000000000014 109.49
1.4560000000000013 -3.54
1.4570000000000012 -3.53
1.4630000000000014 -3.53
1.4680000000000013 131.78
1.4690000000000012 130.84
1.4720000000000013 128.07
1.4730000000000012 94.01
1.4760000000000013 -3.51
1.4780000000000013 -3.51
1.4790000000000014 -3.51
1.4820000000000013 -3.50
1.4840000000000013 115.47
1.4850000000000012 -3.50
1.4900000000000013 110.21
1.4930000000000012 108.06
1.4940000000000013 107.36
1.4960000000000013 108.77
1.4970000000000012 -3.48
1.4980000000000013 106.66
1.4990000000000014 105.97
