0.1 257.37
0.101 117.82
0.10200000000000001 117.03
0.10300000000000001 248.94
0.10400000000000001 246.24
0.10500000000000001 243.59
0.10800000000000001 235.93
0.11000000000000001 231.05
0.11100000000000002 228.68
0.12000000000000002 101.96
0.12200000000000003 205.13
0.12700000000000003 79.93
0.13400000000000004 183.80
0.13600000000000004 180.61
0.13700000000000004 179.04
0.13800000000000004 177.51
0.13900000000000004 175.99
0.14100000000000004 73.29
0.14500000000000005 167.31
0.15600000000000006 153.12
0.15700000000000006 151.92
0.15900000000000006 149.58
0.16000000000000006 148.43
0.16100000000000006 147.29
0.16300000000000006 145.06
0.16600000000000006 141.81
0.16800000000000007 139.71
0.17000000000000007 137.66
0.17100000000000007 136.65
0.17400000000000007 60.24
0.17500000000000007 59.91
0.17800000000000007 0.00
0.18000000000000008 58.60
0.18200000000000008 126.26
0.18400000000000008 57.65
0.18500000000000008 57.33
0.18600000000000008 122.78
0.1910000000000001 118.63
0.1920000000000001 117.82
0.1960000000000001 114.68
0.1980000000000001 64.73
0.2000000000000001 60.57
0.2010000000000001 63.66
0.2020000000000001 59.91
0.2040000000000001 0.00
0.2050000000000001 108.05
0.2060000000000001 107.35
0.2070000000000001 106.65
0.2080000000000001 105.96
0.2090000000000001 105.28
0.2100000000000001 104.60
0.2110000000000001 103.93
0.2120000000000001 103.27
0.22400000000000012 50.87
0.22700000000000012 43.50
0.23600000000000013 88.95
0.23700000000000013 51.70
0.23900000000000013 87.36
0.24000000000000013 50.87
0.24100000000000013 86.32
0.24600000000000014 83.78
0.24900000000000014 82.31
0.2540000000000001 37.62
0.2570000000000001 78.54
0.2610000000000001 76.74
0.2660000000000001 41.90
0.2670000000000001 41.67
0.2680000000000001 44.69
0.27200000000000013 72.04
0.27300000000000013 43.27
0.27400000000000013 43.04
0.27700000000000014 42.35
0.27800000000000014 42.12
0.27900000000000014 41.90
0.28000000000000014 41.67
0.28100000000000014 41.45
0.28200000000000014 68.08
0.28300000000000014 67.70
0.28400000000000014 67.32
0.28500000000000014 66.94
0.28600000000000014 40.35
0.28900000000000015 39.70
0.29000000000000015 39.49
0.29300000000000015 64.02
0.29500000000000015 38.44
0.29600000000000015 38.23
0.29700000000000015 38.03
0.29800000000000015 37.82
0.30000000000000016 61.58
0.30100000000000016 61.24
0.30200000000000016 60.90
0.30300000000000016 36.82
0.30400000000000016 36.62
0.30500000000000016 36.42
0.30600000000000016 36.23
0.30700000000000016 36.03
0.30800000000000016 35.84
0.31000000000000016 58.28
0.31200000000000017 57.65
0.31300000000000017 57.33
0.31400000000000017 57.02
0.31800000000000017 34.14
0.3210000000000002 33.59
0.3220000000000002 54.59
0.3230000000000002 54.29
0.3240000000000002 53.99
0.3250000000000002 53.70
0.3260000000000002 53.41
0.3280000000000002 0.00
0.3290000000000002 32.16
0.3300000000000002 52.26
0.3310000000000002 0.00
0.3320000000000002 31.64
0.3410000000000002 30.29
0.3420000000000002 30.12
0.3440000000000002 29.79
0.3450000000000002 29.63
0.3490000000000002 47.16
0.3500000000000002 28.83
0.3510000000000002 28.67
0.3530000000000002 46.16
0.3540000000000002 45.91
0.3560000000000002 26.83
0.3580000000000002 44.93
0.3620000000000002 26.98
0.3630000000000002 25.81
0.3650000000000002 26.54
0.3670000000000002 25.38
0.3690000000000002 42.35
0.3700000000000002 0.00
0.3720000000000002 25.38
0.3770000000000002 23.87
0.3780000000000002 40.35
0.3800000000000002 39.92
0.38300000000000023 23.08
0.38400000000000023 22.95
0.38500000000000023 22.82
0.38700000000000023 0.00
0.38800000000000023 23.34
0.38900000000000023 23.21
0.39000000000000024 37.82
0.39300000000000024 37.22
0.39400000000000024 37.02
0.39500000000000024 36.82
0.39700000000000024 36.42
0.39800000000000024 36.23
0.39900000000000024 36.03
0.40000000000000024 35.84
0.40100000000000025 35.65
0.40200000000000025 35.45
0.40300000000000025 35.26
0.40400000000000025 35.07
0.40500000000000025 34.88
0.40600000000000025 34.69
0.40700000000000025 34.51
0.40800000000000025 34.32
0.40900000000000025 34.14
0.41000000000000025 33.95
0.41100000000000025 33.77
0.41200000000000025 33.59
0.41300000000000026 33.40
0.41400000000000026 33.22
0.41700000000000026 0.00
0.42000000000000026 17.91
0.42700000000000027 30.95
0.4340000000000003 0.00
0.4360000000000003 0.00
0.4410000000000003 0.00
0.4430000000000003 0.00
0.4440000000000003 0.00
0.4450000000000003 0.00
0.4460000000000003 0.00
0.4470000000000003 0.00
0.4480000000000003 0.00
0.4490000000000003 0.00
0.4500000000000003 0.00
0.4510000000000003 27.13
0.4590000000000003 25.96
0.4640000000000003 25.24
0.4650000000000003 25.10
0.4660000000000003 0.00
0.4670000000000003 24.82
0.4710000000000003 24.27
0.4770000000000003 0.00
0.4790000000000003 12.31
0.4820000000000003 22.82
0.4880000000000003 11.62
0.4900000000000003 21.80
0.4910000000000003 21.68
0.4920000000000003 21.56
0.4930000000000003 21.43
0.4940000000000003 11.17
0.49500000000000033 11.09
0.49600000000000033 11.02
0.49700000000000033 10.95
0.49800000000000033 20.83
0.5000000000000003 10.73
0.5020000000000003 20.35
0.5030000000000003 10.52
0.5040000000000003 20.12
0.5050000000000003 0.00
0.5060000000000003 0.00
0.5080000000000003 0.00
0.5100000000000003 19.43
0.5110000000000003 19.32
0.5200000000000004 9.83
0.5220000000000004 9.69
0.5230000000000004 18.01
0.5240000000000004 17.91
0.5250000000000004 9.04
0.5280000000000004 17.49
0.5300000000000004 8.67
0.5330000000000004 0.00
0.5370000000000004 0.00
0.5430000000000004 0.00
0.5490000000000004 15.42
0.5510000000000004 7.37
0.5600000000000004 0.00
0.5610000000000004 14.32
0.5650000000000004 13.97
0.5660000000000004 0.00
0.5670000000000004 13.80
0.5680000000000004 6.56
0.5690000000000004 13.63
0.5700000000000004 13.54
0.5740000000000004 13.21
0.5750000000000004 13.12
0.5760000000000004 13.04
0.5770000000000004 6.05
0.5780000000000004 6.00
0.5790000000000004 5.96
0.5800000000000004 5.91
0.5810000000000004 12.63
0.5830000000000004 12.47
0.5850000000000004 12.31
0.5860000000000004 12.23
0.5870000000000004 12.16
0.5880000000000004 12.08
0.5890000000000004 0.00
0.5910000000000004 5.62
0.5920000000000004 5.57
0.5930000000000004 5.52
0.5940000000000004 5.47
0.5960000000000004 11.47
0.5970000000000004 5.81
0.5990000000000004 11.24
0.6010000000000004 5.62
0.6020000000000004 5.57
0.6030000000000004 10.95
0.6050000000000004 5.38
0.6060000000000004 10.73
0.6070000000000004 10.66
0.6090000000000004 5.20
0.6100000000000004 0.00
0.6110000000000004 10.38
0.6120000000000004 10.31
0.6130000000000004 10.24
0.6140000000000004 10.17
0.6150000000000004 10.10
0.6180000000000004 4.45
0.6190000000000004 4.41
0.6200000000000004 4.37
0.6210000000000004 9.69
0.6220000000000004 9.63
0.6240000000000004 4.16
0.6270000000000004 9.30
0.6280000000000004 4.04
0.6290000000000004 3.96
0.6300000000000004 3.92
0.6320000000000005 3.84
0.6330000000000005 8.92
0.6340000000000005 3.76
0.6410000000000005 3.49
0.6420000000000005 3.45
0.6430000000000005 8.30
0.6450000000000005 8.18
0.6470000000000005 8.06
0.6480000000000005 3.27
0.6490000000000005 7.94
0.6500000000000005 7.89
0.6510000000000005 3.16
0.6520000000000005 7.77
0.6530000000000005 7.71
0.6550000000000005 2.98
0.6590000000000005 2.84
0.6620000000000005 7.21
0.6630000000000005 0.00
0.6720000000000005 6.67
0.6730000000000005 0.00
0.6740000000000005 6.56
0.6770000000000005 6.41
0.6790000000000005 6.31
0.6800000000000005 6.25
0.6820000000000005 6.15
0.6830000000000005 6.10
0.6860000000000005 2.43
0.6910000000000005 0.00
0.6920000000000005 5.66
0.6930000000000005 1.75
0.7050000000000005 0.00
0.7070000000000005 1.40
0.7080000000000005 4.93
0.7090000000000005 1.35
0.7100000000000005 1.32
0.7110000000000005 4.79
0.7120000000000005 1.26
0.7130000000000005 1.24
0.7140000000000005 1.21
0.7150000000000005 1.18
0.7160000000000005 1.15
0.7200000000000005 1.02
0.7260000000000005 4.16
0.7270000000000005 4.12
0.7280000000000005 4.08
0.7300000000000005 4.00
0.7330000000000005 3.88
0.7340000000000005 3.84
0.7350000000000005 3.80
0.7380000000000005 0.47
0.7410000000000005 3.57
0.7420000000000005 3.53
0.7430000000000005 3.49
0.7440000000000005 3.45
0.7450000000000006 3.42
0.7470000000000006 3.34
0.7480000000000006 3.30
0.7490000000000006 3.27
0.7500000000000006 3.23
0.7510000000000006 3.19
0.7520000000000006 3.16
0.7550000000000006 3.05
0.7560000000000006 3.01
0.7580000000000006 2.94
0.7590000000000006 2.91
0.7650000000000006 2.70
0.7830000000000006 2.11
0.7840000000000006 2.08
0.7860000000000006 2.02
0.7900000000000006 1.90
0.7910000000000006 1.87
0.8000000000000006 1.60
0.8030000000000006 -0.89
0.8040000000000006 -0.95
0.8060000000000006 -0.64
0.8110000000000006 -1.10
0.8120000000000006 -1.12
0.8130000000000006 1.24
0.8160000000000006 -0.82
0.8170000000000006 -1.21
0.8190000000000006 -0.87
0.8250000000000006 0.92
0.8260000000000006 0.89
0.8280000000000006 0.84
0.8300000000000006 0.79
0.8330000000000006 0.71
0.8350000000000006 -1.12
0.8360000000000006 -1.13
0.8370000000000006 0.62
0.8380000000000006 0.59
0.8410000000000006 0.52
0.8420000000000006 0.50
0.8450000000000006 -1.29
0.8490000000000006 -1.36
0.8500000000000006 0.31
0.8530000000000006 0.24
0.8550000000000006 0.20
0.8560000000000006 0.17
0.8610000000000007 -1.55
0.8620000000000007 0.04
0.8630000000000007 -1.58
0.8640000000000007 -1.59
0.8650000000000007 -1.61
0.8660000000000007 -1.62
0.8670000000000007 -0.06
0.8680000000000007 -1.66
0.8700000000000007 -1.69
0.8710000000000007 -1.70
0.8720000000000007 -0.17
0.8730000000000007 -1.73
0.8740000000000007 -1.74
0.8770000000000007 -1.78
0.8780000000000007 -1.79
0.8800000000000007 -0.33
0.8820000000000007 -1.84
0.8840000000000007 -0.41
0.8850000000000007 -1.88
0.8860000000000007 -1.89
0.8890000000000007 -0.51
0.8900000000000007 -1.92
0.8920000000000007 -0.56
0.8930000000000007 -0.58
0.8940000000000007 -1.96
0.8950000000000007 -0.62
0.8960000000000007 -1.98
0.8970000000000007 -0.66
0.8980000000000007 -0.67
0.9000000000000007 -2.04
0.9010000000000007 -2.05
0.9020000000000007 -0.75
0.9030000000000007 -2.07
0.9060000000000007 -0.82
0.9100000000000007 -2.15
0.9110000000000007 -0.90
0.9120000000000007 -0.92
0.9150000000000007 -2.21
0.9180000000000007 -1.02
0.9220000000000007 -1.09
0.9260000000000007 -2.34
0.9310000000000007 -2.38
0.9360000000000007 -2.44
0.9400000000000007 -1.36
0.9410000000000007 -1.38
0.9420000000000007 -2.49
0.9440000000000007 -2.51
0.9450000000000007 -2.52
0.9460000000000007 -1.45
0.9470000000000007 -1.47
0.9490000000000007 -1.49
0.9500000000000007 -2.57
0.9510000000000007 -2.58
0.9520000000000007 -2.59
0.9530000000000007 -2.60
0.9540000000000007 -2.60
0.9560000000000007 -2.62
0.9670000000000007 -1.74
0.9680000000000007 -1.75
0.9700000000000008 -1.78
0.9710000000000008 -1.79
0.9750000000000008 -1.84
0.9760000000000008 -1.85
0.9770000000000008 -1.86
0.9780000000000008 -1.88
0.9790000000000008 -1.89
0.9800000000000008 -1.90
0.9810000000000008 -1.91
0.9820000000000008 -1.92
0.9830000000000008 -1.94
0.9840000000000008 -1.95
0.9860000000000008 -1.97
0.9870000000000008 -1.98
0.9880000000000008 -2.00
0.9890000000000008 -2.01
0.9910000000000008 -2.03
0.9920000000000008 -2.04
0.9930000000000008 -2.05
0.9940000000000008 -2.06
0.9950000000000008 -2.07
0.9960000000000008 -2.09
0.9970000000000008 -2.10
0.9980000000000008 -2.11
0.9990000000000008 -2.12
1.0000000000000009 -2.13
1.0010000000000008 -2.14
1.0030000000000008 -2.16
1.0050000000000008 -2.18
1.0090000000000008 -2.22
1.0130000000000008 -3.12
1.0190000000000008 -2.33
1.0250000000000008 -3.25
1.026000000000001 -3.25
1.0270000000000008 -3.26
1.028000000000001 -3.26
1.030000000000001 -2.43
1.0310000000000008 -2.44
1.032000000000001 -2.45
1.0330000000000008 -2.46
1.038000000000001 -2.50
1.040000000000001 -3.31
1.042000000000001 -2.54
1.0430000000000008 -2.55
1.044000000000001 -2.55
1.0450000000000008 -3.32
1.0470000000000008 -3.33
1.048000000000001 -3.33
1.0490000000000008 -3.34
1.050000000000001 -3.34
1.0530000000000008 -2.63
1.054000000000001 -2.64
1.0550000000000008 -3.35
1.056000000000001 -2.65
1.0570000000000008 -3.36
1.060000000000001 -2.68
1.062000000000001 -2.70
1.0650000000000008 -2.72
1.074000000000001 -2.79
1.076000000000001 -3.42
1.0790000000000008 -2.82
1.0830000000000009 -2.85
1.0870000000000009 -3.45
1.088000000000001 -2.88
1.0890000000000009 -2.89
1.0910000000000009 -2.90
1.092000000000001 -2.91
1.0930000000000009 -2.92
1.094000000000001 -2.92
1.0950000000000009 -2.93
1.096000000000001 -2.94
1.0970000000000009 -2.94
1.098000000000001 -2.95
1.0990000000000009 -2.95
1.100000000000001 -2.96
1.107000000000001 -3.00
1.108000000000001 -3.01
1.1090000000000009 -3.01
1.110000000000001 -3.02
1.112000000000001 -3.03
1.1130000000000009 -3.04
1.114000000000001 -3.04
1.115000000000001 -3.05
1.116000000000001 -3.05
1.1170000000000009 -3.06
1.118000000000001 -3.06
1.119000000000001 -3.07
1.1210000000000009 -3.08
1.122000000000001 -3.09
1.124000000000001 -3.10
1.1250000000000009 -3.10
1.126000000000001 -3.11
1.1270000000000011 -3.11
1.128000000000001 -3.12
1.129000000000001 -3.12
1.130000000000001 -3.13
1.133000000000001 -3.14
1.1350000000000011 -3.15
1.136000000000001 -3.16
1.138000000000001 -3.17
1.142000000000001 -3.18
1.1430000000000011 -3.19
1.148000000000001 -3.21
1.149000000000001 -3.22
1.150000000000001 -3.22
1.154000000000001 -3.24
1.1550000000000011 -3.24
1.157000000000001 -3.51
1.1630000000000011 -3.58
1.1670000000000011 -3.29
1.169000000000001 -3.53
1.173000000000001 -3.31
1.174000000000001 -3.32
1.1750000000000012 -3.54
1.176000000000001 -3.54
1.177000000000001 -3.33
1.178000000000001 -3.33
1.1790000000000012 -3.33
1.182000000000001 -3.34
1.1830000000000012 -3.35
1.1870000000000012 -3.36
1.189000000000001 -3.58
1.190000000000001 -3.58
1.192000000000001 -3.58
1.193000000000001 -3.58
1.194000000000001 -3.58
1.1990000000000012 -3.58
1.200000000000001 -3.59
1.202000000000001 -3.41
1.2030000000000012 -3.41
1.205000000000001 -3.41
1.2070000000000012 -3.42
1.209000000000001 -3.43
1.210000000000001 -3.43
1.212000000000001 -3.43
1.2150000000000012 -3.59
1.218000000000001 -3.60
1.234000000000001 -3.59
1.2390000000000012 -3.50
1.240000000000001 -3.50
1.242000000000001 -3.50
1.248000000000001 -3.51
1.249000000000001 -3.51
1.250000000000001 -3.52
1.2510000000000012 -3.52
1.2520000000000011 -3.52
1.2540000000000011 -3.52
1.2550000000000012 -3.52
1.2560000000000011 -3.53
1.2580000000000011 -3.53
1.2590000000000012 -3.53
1.261000000000001 -3.59
1.2620000000000011 -3.59
1.2630000000000012 -3.54
1.2640000000000011 -3.54
1.2660000000000011 -3.54
1.269000000000001 -3.55
1.2700000000000011 -3.59
1.2710000000000012 -3.55
1.2720000000000011 -3.55
1.2740000000000011 -3.55
1.2750000000000012 -3.55
1.2790000000000012 -3.59
1.281000000000001 -3.56
1.285000000000001 -3.57
1.2880000000000011 -3.57
1.2900000000000011 -3.59
1.2940000000000011 -3.57
1.2960000000000012 -3.58
1.2980000000000012 -3.58
1.2990000000000013 -3.58
1.3020000000000012 -3.58
1.3040000000000012 -3.59
1.305000000000001 -3.59
1.3060000000000012 -3.59
1.3070000000000013 -3.59
1.3080000000000012 -3.59
1.3140000000000012 -3.59
1.321000000000001 -3.58
1.3230000000000013 -3.59
1.3260000000000012 -3.60
1.3280000000000012 -3.60
1.329000000000001 -3.60
1.3300000000000012 -3.58
1.3310000000000013 -3.60
1.3320000000000012 -3.60
1.333000000000001 -3.58
1.3340000000000012 -3.58
1.3350000000000013 -3.60
1.3360000000000012 -3.60
1.337000000000001 -3.60
1.3380000000000012 -3.57
1.3390000000000013 -3.57
1.3400000000000012 -3.57
1.341000000000001 -3.57
1.3430000000000013 -3.60
1.3440000000000012 -3.60
1.345000000000001 -3.60
1.3460000000000012 -3.60
1.3470000000000013 -3.60
1.3480000000000012 -3.60
1.349000000000001 -3.60
1.3500000000000012 -3.60
1.3510000000000013 -3.60
1.3520000000000012 -3.60
1.353000000000001 -3.60
1.3550000000000013 -3.60
1.3560000000000012 -3.60
1.3590000000000013 -3.60
1.3600000000000012 -3.60
1.361000000000001 -3.60
1.3620000000000012 -3.60
1.3630000000000013 -3.60
1.3640000000000012 -3.60
1.365000000000001 -3.60
1.3670000000000013 -3.60
1.3680000000000012 -3.60
1.3710000000000013 -3.60
1.3720000000000012 -3.60
1.373000000000001 -3.60
1.3740000000000012 -3.60
1.3750000000000013 -3.60
1.3760000000000012 -3.60
1.3770000000000011 -3.60
1.3790000000000013 -3.49
1.3800000000000012 -3.49
1.3820000000000012 -3.49
1.3840000000000012 -3.60
1.3850000000000011 -3.59
1.3860000000000012 -3.59
1.3870000000000013 -3.59
1.3880000000000012 -3.59
1.3890000000000011 -3.59
1.3900000000000012 -3.59
1.3910000000000013 -3.59
1.3970000000000011 -3.59
1.3990000000000014 -3.59
1.4000000000000012 -3.59
1.4010000000000011 -3.59
1.4020000000000012 -3.59
1.4030000000000014 -3.59
1.4040000000000012 -3.59
1.4060000000000012 -3.58
1.4070000000000014 -3.58
1.4080000000000013 -3.58
1.4090000000000011 -3.58
1.4140000000000013 -3.58
1.4150000000000014 0.00
1.4160000000000013 -3.58
1.4170000000000011 -3.58
1.4180000000000013 -3.58
1.4190000000000014 -3.58
1.4200000000000013 -3.57
1.4210000000000012 -3.57
1.4220000000000013 195.75
1.4230000000000014 165.93
1.4260000000000013 -3.57
1.4280000000000013 -3.57
1.4290000000000012 -3.57
1.4300000000000013 -3.57
1.4310000000000014 -3.57
1.4320000000000013 -3.56
1.4330000000000012 -3.56
1.4350000000000014 -3.56
1.4360000000000013 -3.56
1.4370000000000012 -3.56
1.4380000000000013 -3.56
1.4390000000000014 -3.56
1.4400000000000013 -3.56
1.4410000000000012 -3.56
1.4420000000000013 -3.56
1.4430000000000014 -3.55
1.4460000000000013 -3.55
1.4470000000000014 139.70
1.4490000000000012 137.65
1.4500000000000013 -3.55
1.4510000000000014 -3.55
1.4520000000000013 155.54
1.4530000000000012 -3.54
1.4540000000000013 -3.54
1.4550000000000014 -3.54
1.4560000000000013 -3.54
1.4590000000000014 147.28
1.4620000000000013 143.96
1.4630000000000014 142.87
1.4650000000000012 -3.53
1.4660000000000013 123.64
1.4670000000000014 -3.53
1.4700000000000013 -3.52
1.4720000000000013 -3.52
1.4730000000000012 -3.52
1.4750000000000014 -3.52
1.4760000000000013 -3.52
1.4770000000000012 -3.52
1.4780000000000013 -3.51
1.4790000000000014 113.91
1.4810000000000012 -3.51
1.4820000000000013 -3.51
1.4830000000000014 -3.51
1.4840000000000013 159.31
1.4850000000000012 -3.51
1.4860000000000013 -3.50
1.4880000000000013 -3.50
1.4890000000000012 -3.50
1.4900000000000013 -3.50
1.4910000000000014 -3.50
1.4920000000000013 -3.50
1.4930000000000012 -3.49
1.4950000000000014 -3.49
1.4960000000000013 -3.49
1.4970000000000012 -3.49
1.4990000000000014 -3.49
