0.10800000000000001 235.94
0.11000000000000001 231.07
0.11200000000000002 226.36
0.11300000000000002 95.16
0.12900000000000003 88.97
0.13100000000000003 188.78
0.13600000000000004 180.62
0.13700000000000004 179.06
0.13900000000000004 83.80
0.14000000000000004 83.30
0.14600000000000005 165.95
0.14700000000000005 164.59
0.14900000000000005 79.47
0.15100000000000005 78.55
0.15200000000000005 78.10
0.15300000000000005 156.80
0.15400000000000005 155.56
0.15500000000000005 154.34
0.15600000000000006 153.13
0.15700000000000006 75.43
0.15800000000000006 75.00
0.16000000000000006 58.62
0.17300000000000007 66.96
0.17600000000000007 53.43
0.17700000000000007 53.14
0.17800000000000007 52.85
0.18100000000000008 51.44
0.18200000000000008 51.16
0.18500000000000008 65.48
0.18800000000000008 121.10
0.18900000000000008 49.53
0.1910000000000001 60.92
0.1940000000000001 116.25
0.1950000000000001 115.47
0.1960000000000001 114.69
0.1970000000000001 113.93
0.1980000000000001 113.17
0.1990000000000001 112.42
0.2010000000000001 57.04
0.2030000000000001 109.49
0.2040000000000001 108.77
0.2050000000000001 108.06
0.2060000000000001 107.36
0.2070000000000001 106.66
0.2080000000000001 105.97
0.2090000000000001 105.29
0.2100000000000001 104.62
0.2110000000000001 103.94
0.2120000000000001 103.28
0.2130000000000001 102.62
0.2140000000000001 101.97
0.2150000000000001 101.32
0.22200000000000011 50.61
0.22400000000000012 49.80
0.22600000000000012 39.73
0.22900000000000012 48.47
0.23100000000000012 91.71
0.23600000000000013 88.97
0.23700000000000013 46.68
0.23900000000000013 46.18
0.24000000000000013 45.93
0.24100000000000013 45.69
0.24200000000000013 45.44
0.24300000000000013 45.20
0.24400000000000013 44.96
0.24500000000000013 44.71
0.24600000000000014 83.80
0.2510000000000001 43.30
0.2540000000000001 79.94
0.2550000000000001 79.47
0.2560000000000001 79.01
0.2570000000000001 44.24
0.2640000000000001 75.43
0.2670000000000001 0.00
0.26900000000000013 41.47
0.27000000000000013 41.25
0.27100000000000013 41.03
0.27200000000000013 40.81
0.27300000000000013 0.00
0.27600000000000013 38.05
0.27900000000000014 37.44
0.28100000000000014 30.31
0.28200000000000014 30.15
0.28300000000000014 29.98
0.28700000000000014 36.06
0.29100000000000015 64.75
0.29200000000000015 37.04
0.29400000000000015 36.45
0.30100000000000016 61.26
0.30200000000000016 60.92
0.30300000000000016 60.59
0.30400000000000016 60.26
0.30500000000000016 59.92
0.30600000000000016 59.60
0.30700000000000016 59.27
0.30800000000000016 58.95
0.31200000000000017 33.07
0.31300000000000017 57.35
0.31400000000000017 57.04
0.31500000000000017 56.73
0.3210000000000002 31.32
0.3230000000000002 30.98
0.3250000000000002 53.72
0.3260000000000002 30.48
0.3270000000000002 30.31
0.3280000000000002 30.15
0.3300000000000002 29.82
0.3310000000000002 52.00
0.3340000000000002 51.16
0.3360000000000002 50.61
0.3380000000000002 28.54
0.3390000000000002 28.38
0.3410000000000002 28.07
0.3420000000000002 27.92
0.3440000000000002 48.47
0.3450000000000002 48.21
0.3460000000000002 47.96
0.3470000000000002 47.70
0.3490000000000002 47.19
0.3500000000000002 26.71
0.3520000000000002 46.43
0.3530000000000002 46.18
0.3540000000000002 45.93
0.3550000000000002 45.69
0.3560000000000002 25.98
0.3570000000000002 45.20
0.3580000000000002 25.69
0.3600000000000002 44.47
0.3610000000000002 44.24
0.3620000000000002 24.99
0.3630000000000002 24.85
0.3640000000000002 24.71
0.3650000000000002 43.30
0.3660000000000002 43.06
0.3670000000000002 42.83
0.3680000000000002 42.60
0.3690000000000002 42.37
0.3700000000000002 42.15
0.3710000000000002 41.92
0.3720000000000002 41.70
0.3730000000000002 41.47
0.3740000000000002 23.23
0.3750000000000002 23.10
0.3760000000000002 22.97
0.3770000000000002 22.84
0.3790000000000002 22.46
0.3800000000000002 22.33
0.38400000000000023 21.83
0.38500000000000023 21.70
0.38600000000000023 38.67
0.38700000000000023 38.47
0.38800000000000023 38.26
0.38900000000000023 38.05
0.39000000000000024 21.09
0.39100000000000024 20.97
0.39200000000000024 37.44
0.39300000000000024 20.73
0.39400000000000024 37.04
0.39500000000000024 20.50
0.39600000000000024 36.65
0.39700000000000024 36.45
0.39900000000000024 19.91
0.40000000000000024 19.80
0.40100000000000025 35.67
0.40200000000000025 35.48
0.40300000000000025 35.29
0.40400000000000025 19.35
0.40500000000000025 19.23
0.40600000000000025 34.72
0.40700000000000025 19.01
0.40800000000000025 18.90
0.40900000000000025 34.16
0.41000000000000025 33.98
0.41500000000000026 18.03
0.41600000000000026 17.93
0.41700000000000026 17.82
0.41800000000000026 32.54
0.41900000000000026 17.61
0.42000000000000026 17.51
0.42100000000000026 32.01
0.42200000000000026 31.84
0.42300000000000026 31.66
0.42400000000000027 31.49
0.42600000000000027 31.15
0.42700000000000027 30.98
0.43000000000000027 30.48
0.4370000000000003 0.00
0.4380000000000003 15.63
0.4450000000000003 14.88
0.4460000000000003 14.79
0.4470000000000003 14.70
0.4490000000000003 27.46
0.4580000000000003 13.73
0.4590000000000003 25.98
0.4680000000000003 24.71
0.4690000000000003 24.57
0.4700000000000003 24.44
0.4710000000000003 24.30
0.4720000000000003 24.16
0.4730000000000003 24.03
0.4740000000000003 23.89
0.4750000000000003 23.76
0.4760000000000003 23.63
0.4770000000000003 23.49
0.4780000000000003 23.36
0.4820000000000003 9.31
0.4860000000000003 12.33
0.4870000000000003 8.93
0.4880000000000003 8.87
0.4900000000000003 11.94
0.4910000000000003 8.62
0.4930000000000003 11.71
0.4940000000000003 11.63
0.49500000000000033 0.00
0.49600000000000033 0.00
0.49700000000000033 20.97
0.5000000000000003 7.96
0.5020000000000003 7.84
0.5050000000000003 20.03
0.5060000000000003 19.91
0.5090000000000003 19.57
0.5100000000000003 19.46
0.5110000000000003 19.35
0.5140000000000003 19.01
0.5160000000000003 18.79
0.5170000000000003 18.68
0.5210000000000004 18.25
0.5220000000000004 18.14
0.5250000000000004 0.00
0.5350000000000004 0.00
0.5360000000000004 0.00
0.5370000000000004 0.00
0.5380000000000004 16.50
0.5400000000000004 0.00
0.5410000000000004 0.00
0.5460000000000004 7.67
0.5570000000000004 7.05
0.5580000000000004 7.00
0.5590000000000004 6.95
0.5600000000000004 6.89
0.5640000000000004 14.08
0.5700000000000004 0.00
0.5710000000000004 13.48
0.5750000000000004 13.14
0.5820000000000004 5.82
0.5830000000000004 12.49
0.5880000000000004 12.10
0.5900000000000004 5.34
0.5910000000000004 5.30
0.6010000000000004 4.80
0.6030000000000004 4.72
0.6040000000000004 3.09
0.6060000000000004 3.02
0.6070000000000004 2.99
0.6120000000000004 0.00
0.6150000000000004 4.17
0.6170000000000004 4.09
0.6180000000000004 4.05
0.6230000000000004 9.58
0.6270000000000004 9.31
0.6290000000000004 9.19
0.6300000000000004 9.12
0.6320000000000005 8.99
0.6350000000000005 8.80
0.6360000000000005 3.28
0.6390000000000005 2.09
0.6410000000000005 3.13
0.6450000000000005 1.93
0.6470000000000005 3.28
0.6510000000000005 7.84
0.6560000000000005 0.00
0.6620000000000005 7.22
0.6630000000000005 1.41
0.6670000000000005 6.95
0.6680000000000005 6.89
0.6750000000000005 2.18
0.6760000000000005 2.15
0.6770000000000005 2.12
0.6810000000000005 6.22
0.6830000000000005 2.15
0.6840000000000005 2.12
0.6850000000000005 2.09
0.6870000000000005 5.92
0.6900000000000005 5.77
0.6910000000000005 5.72
0.6920000000000005 5.67
0.6930000000000005 5.63
0.6940000000000005 5.58
0.6960000000000005 5.48
0.6970000000000005 0.00
0.6980000000000005 0.00
0.6990000000000005 0.00
0.7010000000000005 1.49
0.7050000000000005 1.38
0.7090000000000005 1.05
0.7120000000000005 1.19
0.7150000000000005 0.92
0.7160000000000005 1.08
0.7170000000000005 4.54
0.7200000000000005 4.42
0.7210000000000005 4.37
0.7260000000000005 0.62
0.7280000000000005 -0.08
0.7320000000000005 -0.16
0.7350000000000005 3.81
0.7370000000000005 3.73
0.7390000000000005 3.65
0.7410000000000005 -0.37
0.7420000000000005 -0.39
0.7510000000000006 3.20
0.7520000000000006 3.17
0.7530000000000006 0.07
0.7550000000000006 -0.65
0.7620000000000006 -0.21
0.7630000000000006 -0.14
0.7640000000000006 -0.25
0.7650000000000006 -0.21
0.7660000000000006 -0.23
0.7670000000000006 2.64
0.7680000000000006 2.61
0.7690000000000006 2.57
0.7720000000000006 -0.42
0.7730000000000006 -0.44
0.7790000000000006 -0.58
0.7830000000000006 0.00
0.7840000000000006 -1.18
0.7860000000000006 2.03
0.7870000000000006 2.00
0.7880000000000006 1.96
0.7930000000000006 -0.85
0.7940000000000006 -1.35
0.7950000000000006 -1.36
0.7970000000000006 1.69
0.7980000000000006 1.66
0.7990000000000006 1.64
0.8050000000000006 1.46
0.8060000000000006 -1.50
0.8070000000000006 -1.52
0.8080000000000006 -1.53
0.8090000000000006 -1.55
0.8100000000000006 -1.56
0.8110000000000006 -1.57
0.8130000000000006 -1.60
0.8150000000000006 1.19
0.8210000000000006 -1.18
0.8250000000000006 0.92
0.8270000000000006 -1.29
0.8340000000000006 0.70
0.8350000000000006 -1.46
0.8380000000000006 -1.50
0.8390000000000006 -1.52
0.8400000000000006 -1.53
0.8410000000000006 -1.55
0.8420000000000006 -1.56
0.8430000000000006 -1.57
0.8460000000000006 0.41
0.8500000000000006 -1.68
0.8510000000000006 -1.69
0.8520000000000006 -1.71
0.8540000000000006 0.22
0.8550000000000006 0.20
0.8580000000000007 -1.78
0.8590000000000007 -1.81
0.8600000000000007 -2.15
0.8610000000000007 0.07
0.8660000000000007 -0.04
0.8670000000000007 -0.06
0.8700000000000007 -0.12
0.8740000000000007 -0.21
0.8750000000000007 -0.23
0.8770000000000007 -0.27
0.8810000000000007 -0.35
0.8820000000000007 -0.37
0.8830000000000007 -0.39
0.8850000000000007 -0.42
0.8860000000000007 -0.44
0.8870000000000007 -0.46
0.8880000000000007 -0.48
0.8890000000000007 -0.50
0.8910000000000007 -0.54
0.8960000000000007 -0.63
0.8980000000000007 -0.67
0.9050000000000007 -2.59
0.9070000000000007 -2.38
0.9080000000000007 -2.62
0.9140000000000007 -0.95
0.9150000000000007 -0.97
0.9160000000000007 -0.98
0.9170000000000007 -1.00
0.9210000000000007 -1.06
0.9220000000000007 -1.08
0.9280000000000007 -1.18
0.9300000000000007 -1.21
0.9330000000000007 -1.25
0.9340000000000007 -1.27
0.9350000000000007 -1.29
0.9360000000000007 -1.30
0.9370000000000007 -1.32
0.9380000000000007 -1.33
0.9390000000000007 -1.35
0.9400000000000007 -1.36
0.9410000000000007 -1.37
0.9430000000000007 -1.40
0.9440000000000007 -1.42
0.9450000000000007 -1.43
0.9460000000000007 -1.45
0.9500000000000007 -1.50
0.9540000000000007 -1.56
0.9580000000000007 -1.61
0.9640000000000007 -1.69
0.9650000000000007 -2.80
0.9680000000000007 -2.82
0.9700000000000008 -1.77
0.9710000000000008 -1.78
0.9720000000000008 -1.80
0.9730000000000008 -1.81
0.9750000000000008 -1.83
0.9770000000000008 -2.88
0.9780000000000008 -2.89
0.9790000000000008 -2.89
0.9810000000000008 -1.91
0.9830000000000008 -1.93
0.9840000000000008 -1.94
0.9850000000000008 -2.94
0.9880000000000008 -2.96
0.9890000000000008 -2.00
0.9900000000000008 -2.97
0.9910000000000008 -2.97
0.9920000000000008 -2.98
0.9940000000000008 -2.99
0.9960000000000008 -2.08
0.9970000000000008 -3.01
0.9980000000000008 -3.02
0.9990000000000008 -3.02
1.0000000000000009 -3.03
1.006000000000001 -3.06
1.008000000000001 -2.21
1.0090000000000008 -3.08
1.010000000000001 -2.23
1.0110000000000008 -3.09
1.012000000000001 -3.09
1.016000000000001 -2.29
1.0170000000000008 -2.30
1.018000000000001 -2.31
1.0190000000000008 -2.32
1.020000000000001 -2.33
1.0210000000000008 -2.34
1.022000000000001 -2.35
1.0230000000000008 -2.36
1.024000000000001 -2.37
1.0250000000000008 -2.38
1.026000000000001 -2.39
1.0290000000000008 -2.42
1.030000000000001 -2.43
1.034000000000001 -2.46
1.0350000000000008 -2.47
1.036000000000001 -2.48
1.0370000000000008 -2.49
1.038000000000001 -2.50
1.0390000000000008 -2.51
1.0410000000000008 -2.52
1.042000000000001 -2.53
1.0430000000000008 -2.54
1.044000000000001 -2.55
1.0450000000000008 -2.56
1.050000000000001 -2.60
1.052000000000001 -2.62
1.054000000000001 -2.63
1.060000000000001 -2.68
1.064000000000001 -2.71
1.0650000000000008 -2.72
1.066000000000001 -2.73
1.0670000000000008 -2.73
1.068000000000001 -2.74
1.070000000000001 -2.76
1.072000000000001 -2.77
1.0730000000000008 -2.78
1.0750000000000008 -2.79
1.076000000000001 -2.80
1.0770000000000008 -2.81
1.0790000000000008 -2.82
1.0830000000000009 -2.85
1.0890000000000009 -2.89
1.0930000000000009 -2.91
1.098000000000001 -2.94
1.0990000000000009 -2.95
1.100000000000001 -2.96
1.102000000000001 -2.97
1.104000000000001 -2.98
1.1050000000000009 -2.99
1.107000000000001 -3.00
1.108000000000001 -3.00
1.1090000000000009 -3.01
1.110000000000001 -3.02
1.111000000000001 -3.02
1.1130000000000009 -3.03
1.114000000000001 -3.04
1.116000000000001 -3.05
1.118000000000001 -3.06
1.128000000000001 -3.11
1.130000000000001 -3.12
1.132000000000001 -3.13
1.133000000000001 -3.14
1.1390000000000011 -3.17
1.140000000000001 -3.52
1.142000000000001 -3.52
1.1430000000000011 -3.19
1.144000000000001 -3.19
1.145000000000001 -3.19
1.146000000000001 -3.20
1.1470000000000011 -3.53
1.149000000000001 -3.21
1.153000000000001 -3.54
1.154000000000001 -3.55
1.1550000000000011 -3.55
1.156000000000001 -3.54
1.157000000000001 -3.55
1.158000000000001 -3.25
1.160000000000001 -3.55
1.161000000000001 -3.55
1.166000000000001 -3.28
1.1670000000000011 -3.29
1.168000000000001 -3.29
1.169000000000001 -3.29
1.170000000000001 -3.30
1.1710000000000012 -3.30
1.172000000000001 -3.30
1.173000000000001 -3.31
1.178000000000001 -3.57
1.1790000000000012 -3.33
1.181000000000001 -3.34
1.182000000000001 -3.58
1.1830000000000012 -3.59
1.184000000000001 -3.59
1.185000000000001 -3.35
1.186000000000001 -3.60
1.1870000000000012 -3.60
1.188000000000001 -3.36
1.189000000000001 -3.36
1.1910000000000012 -3.37
1.192000000000001 -3.37
1.194000000000001 -3.38
1.1950000000000012 -3.38
1.202000000000001 -3.59
1.212000000000001 -3.43
1.214000000000001 -3.44
1.2150000000000012 -3.44
1.216000000000001 -3.44
1.217000000000001 -3.60
1.2190000000000012 -3.45
1.220000000000001 -3.45
1.222000000000001 -3.46
1.2230000000000012 -3.60
1.224000000000001 -3.60
1.225000000000001 -3.60
1.226000000000001 -3.60
1.230000000000001 -3.47
1.232000000000001 -3.48
1.233000000000001 -3.48
1.234000000000001 -3.48
1.238000000000001 -3.60
1.241000000000001 -3.60
1.244000000000001 -3.60
1.245000000000001 -3.60
1.246000000000001 -3.51
1.2470000000000012 -3.60
1.248000000000001 -3.60
1.249000000000001 -3.60
1.2510000000000012 -3.60
1.2560000000000011 -3.52
1.2600000000000011 -3.53
1.261000000000001 -3.53
1.2640000000000011 -3.58
1.2670000000000012 -3.54
1.2680000000000011 -3.54
1.269000000000001 -3.59
1.2700000000000011 -3.59
1.273000000000001 -3.59
1.2750000000000012 -3.55
1.277000000000001 -3.59
1.2780000000000011 -3.57
1.2790000000000012 -3.57
1.2800000000000011 0.00
1.285000000000001 -3.58
1.2860000000000011 -3.56
1.2920000000000011 -3.57
1.293000000000001 -3.58
1.2960000000000012 -3.57
1.297000000000001 -3.57
1.2980000000000012 -3.58
1.3000000000000012 -3.57
1.301000000000001 -3.57
1.3070000000000013 -3.57
1.309000000000001 -3.58
1.3100000000000012 -3.56
1.3110000000000013 -3.56
1.3150000000000013 -3.56
1.3180000000000012 -3.59
1.3230000000000013 -3.53
1.325000000000001 -3.59
1.3260000000000012 -3.59
1.3280000000000012 -3.59
1.329000000000001 -3.52
1.3300000000000012 -3.59
1.3320000000000012 -3.60
1.3340000000000012 -3.60
1.3360000000000012 -3.60
1.337000000000001 -3.60
1.3400000000000012 -3.51
1.341000000000001 -3.60
1.3440000000000012 -3.60
1.345000000000001 -3.60
1.3460000000000012 -3.60
1.3480000000000012 -3.50
1.349000000000001 -3.50
1.3500000000000012 -3.49
1.3510000000000013 -3.60
1.3520000000000012 -3.49
1.353000000000001 0.00
1.3560000000000012 -3.51
1.357000000000001 -3.60
1.3580000000000012 -3.60
1.361000000000001 240.99
1.3620000000000012 238.43
1.3630000000000013 -3.60
1.3640000000000012 -3.50
1.365000000000001 -3.60
1.3680000000000012 -3.50
1.373000000000001 -3.60
1.3740000000000012 211.12
1.3770000000000011 -3.49
1.3800000000000012 -3.49
1.3820000000000012 -3.59
1.3830000000000013 -3.59
1.3850000000000011 -3.59
1.3870000000000013 -3.59
1.3880000000000012 187.09
1.3890000000000011 0.00
1.3900000000000012 182.19
1.3930000000000011 -3.59
1.3940000000000012 -3.59
1.3950000000000014 -3.59
1.3960000000000012 -3.59
1.3980000000000012 -3.59
1.3990000000000014 -3.59
1.4000000000000012 -3.59
1.4010000000000011 -3.59
1.4020000000000012 -3.59
1.4030000000000014 -3.58
1.4040000000000012 -3.58
1.4060000000000012 -3.58
1.4070000000000014 -3.58
1.4080000000000013 -3.58
1.4090000000000011 -3.58
1.4100000000000013 -3.58
1.4120000000000013 -3.58
1.4130000000000011 -3.58
1.4140000000000013 -3.58
1.4150000000000014 -3.58
1.4170000000000011 -3.58
1.4180000000000013 -3.57
1.4200000000000013 -3.57
1.4210000000000012 155.55
1.4220000000000013 -3.57
1.4230000000000014 197.57
1.4260000000000013 -3.57
1.4270000000000014 190.48
1.4290000000000012 -3.57
1.4300000000000013 -3.56
1.4310000000000014 183.80
1.4340000000000013 -3.56
1.4350000000000014 -3.56
1.4360000000000013 -3.56
1.4370000000000012 -3.56
1.4380000000000013 -3.56
1.4390000000000014 -3.56
1.4410000000000012 -3.55
1.4420000000000013 -3.55
1.4430000000000014 0.00
1.4450000000000012 135.65
1.4460000000000013 -3.55
1.4470000000000014 -3.55
1.4480000000000013 167.31
1.4500000000000013 -3.55
1.4520000000000013 -3.54
1.4530000000000012 -3.54
1.4540000000000013 159.32
1.4550000000000014 158.05
1.4570000000000012 -3.54
1.4600000000000013 148.44
1.4610000000000012 -3.53
1.4620000000000013 -3.53
1.4660000000000013 0.00
1.4670000000000014 -3.53
1.4680000000000013 -3.53
1.4700000000000013 -3.52
1.4710000000000014 -3.52
1.4720000000000013 -3.52
1.4730000000000012 -3.52
1.4760000000000013 -3.52
1.4770000000000012 -3.51
1.4790000000000014 -3.51
1.4850000000000012 -3.50
1.4860000000000013 -3.50
1.4870000000000014 -3.50
1.4880000000000013 -3.50
1.4890000000000012 121.09
1.4900000000000013 120.26
1.4920000000000013 -3.49
1.4930000000000012 -3.49
1.4950000000000014 -3.49
1.4960000000000013 -3.49
1.4980000000000013 -3.49
1.4990000000000014 -3.48
