0.10500000000000001 85.29
0.10700000000000001 238.53
0.10800000000000001 236.02
0.11000000000000001 231.15
0.11100000000000002 100.69
0.11500000000000002 80.86
0.11700000000000002 79.45
0.11800000000000002 79.45
0.11900000000000002 78.99
0.12400000000000003 75.84
0.12500000000000003 0.00
0.12800000000000003 74.11
0.13000000000000003 190.56
0.13300000000000003 185.51
0.14000000000000004 174.57
0.14300000000000004 0.00
0.14400000000000004 168.78
0.14500000000000005 167.38
0.14700000000000005 164.65
0.14800000000000005 163.31
0.15900000000000006 149.64
0.16400000000000006 144.02
0.16600000000000006 141.87
0.16700000000000007 140.81
0.16800000000000007 139.77
0.16900000000000007 138.73
0.18300000000000008 55.45
0.18400000000000008 0.00
0.18700000000000008 0.00
0.18800000000000008 51.39
0.1940000000000001 49.48
0.1970000000000001 48.95
0.2020000000000001 110.22
0.2050000000000001 108.07
0.2130000000000001 44.90
0.23000000000000012 41.20
0.24700000000000014 0.00
0.24800000000000014 47.13
0.2500000000000001 39.46
0.2520000000000001 0.00
0.2560000000000001 0.00
0.2570000000000001 37.60
0.2590000000000001 37.40
0.2610000000000001 76.72
0.2660000000000001 74.54
0.2680000000000001 0.00
0.27600000000000013 40.76
0.28000000000000014 31.97
0.28100000000000014 39.46
0.28200000000000014 39.25
0.28500000000000014 33.03
0.28600000000000014 0.00
0.28900000000000015 65.44
0.29000000000000015 0.00
0.29100000000000015 30.27
0.29300000000000015 29.95
0.29600000000000015 0.00
0.29900000000000015 61.89
0.30000000000000016 61.55
0.30100000000000016 35.82
0.30200000000000016 60.88
0.30300000000000016 35.43
0.30400000000000016 0.00
0.30500000000000016 0.00
0.30800000000000016 0.00
0.31500000000000017 33.21
0.31800000000000017 55.76
0.3220000000000002 0.00
0.3380000000000002 0.00
0.3420000000000002 48.95
0.3460000000000002 47.90
0.3490000000000002 27.28
0.3500000000000002 0.00
0.3550000000000002 0.00
0.3580000000000002 0.00
0.3630000000000002 21.45
0.3640000000000002 43.48
0.3650000000000002 43.24
0.3660000000000002 43.01
0.3700000000000002 42.09
0.3800000000000002 17.72
0.38200000000000023 39.46
0.38400000000000023 39.04
0.38500000000000023 38.83
0.38900000000000023 0.00
0.39700000000000024 36.40
0.39900000000000024 0.00
0.41500000000000026 33.03
0.41600000000000026 14.90
0.41800000000000026 32.49
0.42000000000000026 32.14
0.42300000000000026 0.00
0.42500000000000027 31.28
0.42600000000000027 31.11
0.42700000000000027 30.94
0.4320000000000003 30.11
0.4360000000000003 29.46
0.4390000000000003 28.98
0.4460000000000003 27.89
0.4470000000000003 27.73
0.4480000000000003 27.58
0.4520000000000003 26.98
0.4550000000000003 0.00
0.4590000000000003 25.95
0.4730000000000003 24.01
0.4740000000000003 12.52
0.4750000000000003 23.74
0.4770000000000003 12.28
0.4800000000000003 12.05
0.4810000000000003 0.00
0.4860000000000003 0.00
0.4880000000000003 0.00
0.4910000000000003 0.00
0.4930000000000003 21.45
0.49500000000000033 10.86
0.5040000000000003 10.16
0.5050000000000003 10.09
0.5090000000000003 9.82
0.5130000000000003 19.12
0.5170000000000003 9.23
0.5180000000000003 0.00
0.5350000000000004 6.69
0.5420000000000004 16.12
0.5430000000000004 16.02
0.5460000000000004 5.37
0.5520000000000004 7.01
0.5560000000000004 6.79
0.5620000000000004 6.48
0.5650000000000004 14.01
0.5680000000000004 13.75
0.5700000000000004 0.00
0.5760000000000004 4.83
0.5770000000000004 4.17
0.5830000000000004 5.65
0.5860000000000004 5.51
0.5870000000000004 0.00
0.5880000000000004 5.41
0.5900000000000004 11.97
0.5930000000000004 5.14
0.5960000000000004 4.96
0.5970000000000004 0.00
0.5980000000000004 0.00
0.5990000000000004 4.83
0.6040000000000004 10.93
0.6100000000000004 10.50
0.6120000000000004 10.36
0.6190000000000004 9.89
0.6270000000000004 3.70
0.6290000000000004 0.00
0.6310000000000004 3.54
0.6320000000000005 3.51
0.6380000000000005 8.67
0.6420000000000005 8.42
0.6430000000000005 0.00
0.6450000000000005 3.00
0.6460000000000005 2.97
0.6580000000000005 2.56
0.6590000000000005 2.53
0.6600000000000005 2.50
0.6630000000000005 2.40
0.6670000000000005 0.00
0.6680000000000005 2.21
0.6690000000000005 2.18
0.6830000000000005 1.29
0.6840000000000005 0.00
0.6860000000000005 0.00
0.6950000000000005 5.60
0.6970000000000005 5.51
0.6980000000000005 5.46
0.7030000000000005 1.13
0.7070000000000005 1.00
0.7130000000000005 4.79
0.7140000000000005 4.75
0.7160000000000005 4.66
0.7170000000000005 4.62
0.7190000000000005 0.00
0.7250000000000005 0.00
0.7300000000000005 4.08
0.7370000000000005 0.00
0.7400000000000005 0.15
0.7530000000000006 0.00
0.7540000000000006 -0.61
0.7630000000000006 -0.30
0.7680000000000006 2.70
0.7690000000000006 0.00
0.7710000000000006 -0.92
0.7720000000000006 -0.93
0.7740000000000006 2.50
0.7750000000000006 -0.98
0.7760000000000006 2.43
0.7770000000000006 2.40
0.7860000000000006 0.00
0.7900000000000006 -0.73
0.7950000000000006 1.85
0.7980000000000006 1.76
0.7990000000000006 1.73
0.8010000000000006 1.67
0.8040000000000006 -1.00
0.8060000000000006 -1.03
0.8080000000000006 -1.08
0.8110000000000006 -1.12
0.8120000000000006 -1.14
0.8150000000000006 1.29
0.8160000000000006 -1.20
0.8170000000000006 -1.21
0.8180000000000006 -1.23
0.8190000000000006 -1.24
0.8200000000000006 -1.26
0.8220000000000006 1.10
0.8260000000000006 -1.36
0.8350000000000006 0.77
0.8490000000000006 0.00
0.8500000000000006 0.00
0.8570000000000007 0.00
0.8670000000000007 -2.16
0.8690000000000007 0.01
0.8700000000000007 -2.19
0.8730000000000007 -0.08
0.8740000000000007 -2.24
0.8750000000000007 -2.25
0.8770000000000007 -0.16
0.8780000000000007 0.00
0.8800000000000007 0.00
0.8860000000000007 -2.35
0.8870000000000007 0.00
0.8940000000000007 -0.48
0.8970000000000007 -0.54
0.9000000000000007 -0.59
0.9060000000000007 -0.70
0.9070000000000007 -0.72
0.9080000000000007 -0.73
0.9090000000000007 -0.75
0.9100000000000007 0.00
0.9110000000000007 0.00
0.9130000000000007 0.00
0.9140000000000007 -2.58
0.9150000000000007 0.00
0.9200000000000007 -0.93
0.9210000000000007 -2.63
0.9220000000000007 -2.64
0.9260000000000007 0.00
0.9300000000000007 -2.69
0.9380000000000007 -2.64
0.9440000000000007 -1.30
0.9450000000000007 -1.32
0.9510000000000007 -1.40
0.9530000000000007 -1.43
0.9570000000000007 -1.48
0.9590000000000007 -2.72
0.9660000000000007 -2.92
0.9700000000000008 -2.87
0.9720000000000008 -2.88
0.9780000000000008 0.00
0.9790000000000008 0.00
0.9810000000000008 -2.93
0.9830000000000008 0.00
0.9840000000000008 0.00
0.9850000000000008 0.00
0.9870000000000008 0.00
0.9890000000000008 -2.98
0.9910000000000008 0.00
1.0000000000000009 -2.01
1.004000000000001 -2.05
1.0070000000000008 0.00
1.0110000000000008 -2.12
1.0130000000000008 -3.15
1.014000000000001 -3.15
1.0150000000000008 -3.16
1.0210000000000008 -3.18
1.0230000000000008 -3.13
1.044000000000001 -2.43
1.046000000000001 0.00
1.0530000000000008 -3.29
1.054000000000001 -3.29
1.056000000000001 -2.53
1.062000000000001 -3.31
1.0630000000000008 -3.32
1.0650000000000008 0.00
1.0690000000000008 -3.29
1.070000000000001 -3.24
1.0750000000000008 -2.67
1.080000000000001 -3.35
1.088000000000001 -3.37
1.092000000000001 -3.35
1.0950000000000009 0.00
1.096000000000001 -3.39
1.0970000000000009 -3.39
1.098000000000001 -2.82
1.100000000000001 -3.37
1.1010000000000009 -2.84
1.103000000000001 0.00
1.104000000000001 -2.86
1.110000000000001 -2.90
1.111000000000001 0.00
1.112000000000001 -2.91
1.1130000000000009 -2.91
1.114000000000001 -3.36
1.115000000000001 -3.37
1.116000000000001 -3.37
1.126000000000001 -2.98
1.128000000000001 -2.99
1.129000000000001 -3.00
1.1310000000000011 -3.40
1.144000000000001 -3.45
1.145000000000001 -3.42
1.1590000000000011 0.00
1.1750000000000012 -3.20
1.176000000000001 -3.48
1.177000000000001 -3.48
1.178000000000001 -3.47
1.185000000000001 -3.48
1.186000000000001 -3.48
1.1870000000000012 -3.48
1.189000000000001 -3.47
1.1910000000000012 -3.48
1.196000000000001 -3.49
1.198000000000001 -3.49
1.2030000000000012 -3.49
1.209000000000001 0.00
1.213000000000001 -3.32
1.221000000000001 -3.34
1.225000000000001 -3.35
1.230000000000001 -3.36
1.2520000000000011 -3.48
1.2560000000000011 -3.41
1.2630000000000012 -3.48
1.2660000000000011 -3.42
1.2670000000000012 -3.42
1.2680000000000011 -3.43
1.269000000000001 -3.43
1.2700000000000011 -3.43
1.2710000000000012 -3.43
1.2720000000000011 -3.43
1.273000000000001 -3.43
1.277000000000001 -31.14
1.2780000000000011 -3.44
1.2870000000000013 -3.46
1.289000000000001 -3.45
1.2910000000000013 -3.47
1.293000000000001 -3.46
1.2950000000000013 -3.46
1.2980000000000012 -3.45
1.2990000000000013 -3.46
1.3000000000000012 -3.46
1.301000000000001 -3.46
1.3020000000000012 -3.46
1.3030000000000013 -3.47
1.3070000000000013 -3.47
1.3160000000000012 -3.48
1.321000000000001 -3.44
1.3220000000000012 -3.48
1.3240000000000012 -3.48
1.3260000000000012 -3.48
1.3270000000000013 -3.48
1.3280000000000012 -3.48
1.3300000000000012 -3.43
1.333000000000001 -3.42
1.3350000000000013 -3.42
1.337000000000001 -3.42
1.3380000000000012 -3.48
1.3390000000000013 -3.42
1.3430000000000013 -3.49
1.3440000000000012 -3.49
1.345000000000001 -3.39
1.3460000000000012 254.59
1.3470000000000013 -3.39
1.3520000000000012 -3.38
1.353000000000001 -3.38
1.3560000000000012 -3.49
1.3620000000000012 -3.49
1.3660000000000012 -3.38
1.369000000000001 221.89
1.3700000000000012 -3.49
1.3710000000000013 -3.49
1.373000000000001 -3.49
1.3750000000000013 236.02
1.3760000000000012 -3.49
1.3770000000000011 -3.49
1.3780000000000012 -3.49
1.3790000000000013 -3.48
1.3800000000000012 -3.48
1.3820000000000012 -3.48
1.3830000000000013 -3.48
1.3840000000000012 -3.48
1.3870000000000013 -3.48
1.3920000000000012 -3.48
1.3930000000000011 195.83
1.4060000000000012 173.08
1.4080000000000013 -3.47
1.4090000000000011 154.38
1.4130000000000011 -3.47
1.4140000000000013 -3.47
1.4150000000000014 -3.47
1.4180000000000013 -3.47
1.4230000000000014 -3.46
1.4240000000000013 -3.46
1.4290000000000012 0.00
1.4310000000000014 -3.46
1.4330000000000012 -3.45
1.4340000000000013 -3.45
1.4350000000000014 -3.45
1.4400000000000013 117.04
1.4410000000000012 0.00
1.4420000000000013 115.47
1.4430000000000014 114.70
1.4450000000000012 119.46
1.4470000000000014 -3.44
1.4490000000000012 109.49
1.4580000000000013 -3.43
1.4600000000000013 -3.43
1.4610000000000012 -3.43
1.4670000000000014 -3.42
1.4710000000000014 -3.42
1.4720000000000013 -3.42
1.4740000000000013 -3.41
1.4750000000000014 -3.41
1.4780000000000013 -3.41
1.4790000000000014 -3.41
1.4810000000000012 -3.40
1.4900000000000013 -3.39
1.4910000000000014 0.00
1.4950000000000014 -3.39
1.4960000000000013 -3.39
